{"producer":{"name":"Blender","version":"2.78 (sub 0)","exporter_version":"4.6.1","file":"player.babylon"},
"autoClear":true,"clearColor":[0,0,0],"ambientColor":[0,0,0],"gravity":[0,-9.81,0],
"materials":[{"name":"player.Material","id":"player.Material","ambient":[0.8,0.8,0.8],"diffuse":[0.64,0.64,0.64],"specular":[0.5,0.5,0.5],"emissive":[0,0,0],"specularPower":50,"alpha":1,"backFaceCulling":true,"checkReadyOnlyOnce":false}],
"multiMaterials":[],
"skeletons":[{"name":"metarig","id":0,"dimensionsAtRest":[0.5587,1.9101,1.2425],"bones":[
{"name":"hips","index":0,"matrix":[1,0,0,0,0,1,0.0034,0,0,0.0034,-1,0,0,0.955,0.0055,1],"rest":[1,0,0,0,0,1,0.0034,0,0,0.0034,-1,0,0,0.955,0.0055,1],"parentBoneIndex":-1,"length":0.1644
,"animation":{"dataType":3,"framePerSecond":25,"keys":[
{"frame":0,"values":[1,0,0,0,0,1,0.0034,0,0,0.0034,-1,0,0,0.955,0.0055,1]},
{"frame":24,"values":[1,0,0,0,0,1,0.0034,0,0,0.0034,-1,0,0,0.955,0.0055,1]}],"loopBehavior":1,"name":"anim","property":"_matrix"}},
{"name":"spine","index":1,"matrix":[1,0,0,0,0,0.9991,0.0413,0,0,-0.0413,0.9991,0,0,0.1644,0,1],"rest":[1,0,0,0,0,0.9991,0.0413,0,0,-0.0413,0.9991,0,0,0.1644,0,1],"parentBoneIndex":0,"length":0.1496
,"animation":{"dataType":3,"framePerSecond":25,"keys":[
{"frame":0,"values":[1,0,0,0,0,0.9991,0.0413,0,0,-0.0413,0.9991,0,0,0.1644,0,1]},
{"frame":24,"values":[1,0,0,0,0,0.9991,0.0413,0,0,-0.0413,0.9991,0,0,0.1644,0,1]}],"loopBehavior":1,"name":"anim","property":"_matrix"}},
{"name":"chest","index":2,"matrix":[1,0,0,0,0,0.9974,-0.0726,0,0,0.0726,0.9974,0,0,0.1496,0,1],"rest":[1,0,0,0,0,0.9974,-0.0726,0,0,0.0726,0.9974,0,0,0.1496,0,1],"parentBoneIndex":1,"length":0.2994
,"animation":{"dataType":3,"framePerSecond":25,"keys":[
{"frame":0,"values":[1,0,0,0,0,0.9974,-0.0726,0,0,0.0726,0.9974,0,0,0.1496,0,1]},
{"frame":24,"values":[1,0,0,0,0,0.9974,-0.0726,0,0,0.0726,0.9974,0,0,0.1496,0,1]}],"loopBehavior":1,"name":"anim","property":"_matrix"}},
{"name":"neck","index":3,"matrix":[1,0,0,0,0,0.9997,0.0256,0,0,-0.0256,0.9997,0,0,0.2994,0,1],"rest":[1,0,0,0,0,0.9997,0.0256,0,0,-0.0256,0.9997,0,0,0.2994,0,1],"parentBoneIndex":2,"length":0.07
,"animation":{"dataType":3,"framePerSecond":25,"keys":[
{"frame":0,"values":[1,0,0,0,0,0.9997,0.0256,0,0,-0.0256,0.9997,0,0,0.2994,0,1]},
{"frame":24,"values":[1,0,0,0,0,0.9997,0.0256,0,0,-0.0256,0.9997,0,0,0.2994,0,1]}],"loopBehavior":1,"name":"anim","property":"_matrix"}},
{"name":"head","index":4,"matrix":[1,0,0,0,0,0.9403,0.3404,0,0,-0.3404,0.9403,0,0,0.07,0,1],"rest":[1,0,0,0,0,0.9403,0.3404,0,0,-0.3404,0.9403,0,0,0.07,0,1],"parentBoneIndex":3,"length":0.1922
,"animation":{"dataType":3,"framePerSecond":25,"keys":[
{"frame":0,"values":[1,0,0,0,0,0.9403,0.3404,0,0,-0.3404,0.9403,0,0,0.07,0,1]},
{"frame":24,"values":[1,0,0,0,0,0.9403,0.3404,0,0,-0.3404,0.9403,0,0,0.07,0,1]}],"loopBehavior":1,"name":"anim","property":"_matrix"}},
{"name":"shoulder.L","index":5,"matrix":[0.5071,-0.03,0.8614,0,0.8619,0.017,-0.5068,0,0.0005,0.9994,0.0345,0,0.0173,0.2473,0.0515,1],"rest":[0.5071,-0.03,0.8614,0,0.8619,0.017,-0.5068,0,0.0005,0.9994,0.0345,0,0.0173,0.2473,0.0515,1],"parentBoneIndex":2,"length":0.1658
,"animation":{"dataType":3,"framePerSecond":25,"keys":[
{"frame":0,"values":[0.5071,-0.03,0.8614,0,0.8619,0.017,-0.5068,0,0.0005,0.9994,0.0345,0,0.0173,0.2473,0.0515,1]},
{"frame":24,"values":[0.5071,-0.03,0.8614,0,0.8619,0.017,-0.5068,0,0.0005,0.9994,0.0345,0,0.0173,0.2473,0.0515,1]}],"loopBehavior":1,"name":"anim","property":"_matrix"}},
{"name":"upper_arm.L","index":6,"matrix":[-0.3869,-0.9067,-0.1677,0,0.1247,0.1288,-0.9838,0,0.9136,-0.4016,0.0632,0,0.0115,0.1874,-0.0168,1],"rest":[-0.3869,-0.9067,-0.1677,0,0.1247,0.1288,-0.9838,0,0.9136,-0.4016,0.0632,0,0.0115,0.1874,-0.0168,1],"parentBoneIndex":5,"length":0.3353
,"animation":{"dataType":3,"framePerSecond":25,"keys":[
{"frame":0,"values":[-0.3869,-0.9067,-0.1677,0,0.1247,0.1288,-0.9838,0,0.9136,-0.4016,0.0632,0,0.0115,0.1874,-0.0168,1]},
{"frame":24,"values":[-0.3869,-0.9067,-0.1677,0,0.1247,0.1288,-0.9838,0,0.9136,-0.4016,0.0632,0,0.0115,0.1874,-0.0168,1]}],"loopBehavior":1,"name":"anim","property":"_matrix"}},
{"name":"forearm.L","index":7,"matrix":[0.8737,0.0616,-0.4826,0,0.139,0.919,0.3689,0,0.4662,-0.3894,0.7944,0,0,0.3353,0,1],"rest":[0.8737,0.0616,-0.4826,0,0.139,0.919,0.3689,0,0.4662,-0.3894,0.7944,0,0,0.3353,0,1],"parentBoneIndex":6,"length":0.3012
,"animation":{"dataType":3,"framePerSecond":25,"keys":[
{"frame":0,"values":[0.8737,0.0616,-0.4826,0,0.139,0.919,0.3689,0,0.4662,-0.3894,0.7944,0,0,0.3353,0,1]},
{"frame":24,"values":[0.8737,0.0616,-0.4826,0,0.139,0.919,0.3689,0,0.4662,-0.3894,0.7944,0,0,0.3353,0,1]}],"loopBehavior":1,"name":"anim","property":"_matrix"}},
{"name":"hand.L","index":8,"matrix":[0.4784,0.0108,-0.8781,0,-0.0854,0.9958,-0.0343,0,0.874,0.0914,0.4773,0,0,0.3012,0,1],"rest":[0.4784,0.0108,-0.8781,0,-0.0854,0.9958,-0.0343,0,0.874,0.0914,0.4773,0,0,0.3012,0,1],"parentBoneIndex":7,"length":0.06
,"animation":{"dataType":3,"framePerSecond":25,"keys":[
{"frame":0,"values":[0.4784,0.0108,-0.8781,0,-0.0854,0.9958,-0.0343,0,0.874,0.0914,0.4773,0,0,0.3012,0,1]},
{"frame":24,"values":[0.4784,0.0108,-0.8781,0,-0.0854,0.9958,-0.0343,0,0.874,0.0914,0.4773,0,0,0.3012,0,1]}],"loopBehavior":1,"name":"anim","property":"_matrix"}},
{"name":"thumb.01.L","index":9,"matrix":[-0.5395,0.3924,-0.745,0,-0.5463,0.5101,0.6643,0,0.6407,0.7654,-0.0608,0,-0.026,0.0312,0.0032,1],"rest":[-0.5395,0.3924,-0.745,0,-0.5463,0.5101,0.6643,0,0.6407,0.7654,-0.0608,0,-0.026,0.0312,0.0032,1],"parentBoneIndex":8,"length":0.0477
,"animation":{"dataType":3,"framePerSecond":25,"keys":[
{"frame":0,"values":[-0.5395,0.3924,-0.745,0,-0.5463,0.5101,0.6643,0,0.6407,0.7654,-0.0608,0,-0.026,0.0312,0.0032,1]},
{"frame":24,"values":[-0.5395,0.3924,-0.745,0,-0.5463,0.5101,0.6643,0,0.6407,0.7654,-0.0608,0,-0.026,0.0312,0.0032,1]}],"loopBehavior":1,"name":"anim","property":"_matrix"}},
{"name":"thumb.02.L","index":10,"matrix":[0.9992,0.0351,-0.0176,0,-0.0338,0.9968,0.0724,0,0.0201,-0.0718,0.9972,0,0,0.0477,0,1],"rest":[0.9992,0.0351,-0.0176,0,-0.0338,0.9968,0.0724,0,0.0201,-0.0718,0.9972,0,0,0.0477,0,1],"parentBoneIndex":9,"length":0.0272
,"animation":{"dataType":3,"framePerSecond":25,"keys":[
{"frame":0,"values":[0.9992,0.0351,-0.0176,0,-0.0338,0.9968,0.0724,0,0.0201,-0.0718,0.9972,0,0,0.0477,0,1]},
{"frame":24,"values":[0.9992,0.0351,-0.0176,0,-0.0338,0.9968,0.0724,0,0.0201,-0.0718,0.9972,0,0,0.0477,0,1]}],"loopBehavior":1,"name":"anim","property":"_matrix"}},
{"name":"palm.02.L","index":11,"matrix":[0.9923,0.083,0.0918,0,-0.1014,0.9705,0.2188,0,-0.071,-0.2264,0.9714,0,0.0004,0.041,-0.0099,1],"rest":[0.9923,0.083,0.0918,0,-0.1014,0.9705,0.2188,0,-0.071,-0.2264,0.9714,0,0.0004,0.041,-0.0099,1],"parentBoneIndex":8,"length":0.0606
,"animation":{"dataType":3,"framePerSecond":25,"keys":[
{"frame":0,"values":[0.9923,0.083,0.0918,0,-0.1014,0.9705,0.2188,0,-0.071,-0.2264,0.9714,0,0.0004,0.041,-0.0099,1]},
{"frame":24,"values":[0.9923,0.083,0.0918,0,-0.1014,0.9705,0.2188,0,-0.071,-0.2264,0.9714,0,0.0004,0.041,-0.0099,1]}],"loopBehavior":1,"name":"anim","property":"_matrix"}},
{"name":"f_middle.01.L","index":12,"matrix":[0.9963,-0.0838,0.0172,0,0.071,0.9223,0.3798,0,-0.0477,-0.3772,0.9249,0,0,0.0606,0,1],"rest":[0.9963,-0.0838,0.0172,0,0.071,0.9223,0.3798,0,-0.0477,-0.3772,0.9249,0,0,0.0606,0,1],"parentBoneIndex":11,"length":0.0365
,"animation":{"dataType":3,"framePerSecond":25,"keys":[
{"frame":0,"values":[0.9963,-0.0838,0.0172,0,0.071,0.9223,0.3798,0,-0.0477,-0.3772,0.9249,0,0,0.0606,0,1]},
{"frame":24,"values":[0.9963,-0.0838,0.0172,0,0.071,0.9223,0.3798,0,-0.0477,-0.3772,0.9249,0,0,0.0606,0,1]}],"loopBehavior":1,"name":"anim","property":"_matrix"}},
{"name":"f_middle.02.L","index":13,"matrix":[0.9952,0.0975,0.0043,0,-0.0928,0.9325,0.3489,0,0.03,-0.3476,0.9372,0,0,0.0365,0,1],"rest":[0.9952,0.0975,0.0043,0,-0.0928,0.9325,0.3489,0,0.03,-0.3476,0.9372,0,0,0.0365,0,1],"parentBoneIndex":12,"length":0.0292
,"animation":{"dataType":3,"framePerSecond":25,"keys":[
{"frame":0,"values":[0.9952,0.0975,0.0043,0,-0.0928,0.9325,0.3489,0,0.03,-0.3476,0.9372,0,0,0.0365,0,1]},
{"frame":24,"values":[0.9952,0.0975,0.0043,0,-0.0928,0.9325,0.3489,0,0.03,-0.3476,0.9372,0,0,0.0365,0,1]}],"loopBehavior":1,"name":"anim","property":"_matrix"}},
{"name":"shoulder.R","index":14,"matrix":[0.5071,0.03,-0.8614,0,-0.8619,0.017,-0.5068,0,-0.0005,0.9994,0.0345,0,-0.0173,0.2473,0.0515,1],"rest":[0.5071,0.03,-0.8614,0,-0.8619,0.017,-0.5068,0,-0.0005,0.9994,0.0345,0,-0.0173,0.2473,0.0515,1],"parentBoneIndex":2,"length":0.1658
,"animation":{"dataType":3,"framePerSecond":25,"keys":[
{"frame":0,"values":[0.5071,0.03,-0.8614,0,-0.8619,0.017,-0.5068,0,-0.0005,0.9994,0.0345,0,-0.0173,0.2473,0.0515,1]},
{"frame":24,"values":[0.5071,0.03,-0.8614,0,-0.8619,0.017,-0.5068,0,-0.0005,0.9994,0.0345,0,-0.0173,0.2473,0.0515,1]}],"loopBehavior":1,"name":"anim","property":"_matrix"}},
{"name":"upper_arm.R","index":15,"matrix":[-0.3869,0.9067,0.1677,0,-0.1247,0.1288,-0.9838,0,-0.9136,-0.4016,0.0632,0,-0.0115,0.1874,-0.0168,1],"rest":[-0.3869,0.9067,0.1677,0,-0.1247,0.1288,-0.9838,0,-0.9136,-0.4016,0.0632,0,-0.0115,0.1874,-0.0168,1],"parentBoneIndex":14,"length":0.3353
,"animation":{"dataType":3,"framePerSecond":25,"keys":[
{"frame":0,"values":[-0.3869,0.9067,0.1677,0,-0.1247,0.1288,-0.9838,0,-0.9136,-0.4016,0.0632,0,-0.0115,0.1874,-0.0168,1]},
{"frame":24,"values":[-0.3869,0.9067,0.1677,0,-0.1247,0.1288,-0.9838,0,-0.9136,-0.4016,0.0632,0,-0.0115,0.1874,-0.0168,1]}],"loopBehavior":1,"name":"anim","property":"_matrix"}},
{"name":"forearm.R","index":16,"matrix":[0.8737,-0.0616,0.4826,0,-0.139,0.919,0.3689,0,-0.4662,-0.3894,0.7944,0,0,0.3353,0,1],"rest":[0.8737,-0.0616,0.4826,0,-0.139,0.919,0.3689,0,-0.4662,-0.3894,0.7944,0,0,0.3353,0,1],"parentBoneIndex":15,"length":0.3012
,"animation":{"dataType":3,"framePerSecond":25,"keys":[
{"frame":0,"values":[0.8737,-0.0616,0.4826,0,-0.139,0.919,0.3689,0,-0.4662,-0.3894,0.7944,0,0,0.3353,0,1]},
{"frame":24,"values":[0.8737,-0.0616,0.4826,0,-0.139,0.919,0.3689,0,-0.4662,-0.3894,0.7944,0,0,0.3353,0,1]}],"loopBehavior":1,"name":"anim","property":"_matrix"}},
{"name":"hand.R","index":17,"matrix":[0.4784,-0.0108,0.8781,0,0.0854,0.9958,-0.0343,0,-0.874,0.0914,0.4773,0,0,0.3012,0,1],"rest":[0.4784,-0.0108,0.8781,0,0.0854,0.9958,-0.0343,0,-0.874,0.0914,0.4773,0,0,0.3012,0,1],"parentBoneIndex":16,"length":0.06
,"animation":{"dataType":3,"framePerSecond":25,"keys":[
{"frame":0,"values":[0.4784,-0.0108,0.8781,0,0.0854,0.9958,-0.0343,0,-0.874,0.0914,0.4773,0,0,0.3012,0,1]},
{"frame":24,"values":[0.4784,-0.0108,0.8781,0,0.0854,0.9958,-0.0343,0,-0.874,0.0914,0.4773,0,0,0.3012,0,1]}],"loopBehavior":1,"name":"anim","property":"_matrix"}},
{"name":"thumb.01.R","index":18,"matrix":[-0.5395,-0.3924,0.745,0,0.5463,0.5101,0.6643,0,-0.6407,0.7654,-0.0608,0,0.026,0.0312,0.0032,1],"rest":[-0.5395,-0.3924,0.745,0,0.5463,0.5101,0.6643,0,-0.6407,0.7654,-0.0608,0,0.026,0.0312,0.0032,1],"parentBoneIndex":17,"length":0.0477
,"animation":{"dataType":3,"framePerSecond":25,"keys":[
{"frame":0,"values":[-0.5395,-0.3924,0.745,0,0.5463,0.5101,0.6643,0,-0.6407,0.7654,-0.0608,0,0.026,0.0312,0.0032,1]},
{"frame":24,"values":[-0.5395,-0.3924,0.745,0,0.5463,0.5101,0.6643,0,-0.6407,0.7654,-0.0608,0,0.026,0.0312,0.0032,1]}],"loopBehavior":1,"name":"anim","property":"_matrix"}},
{"name":"thumb.02.R","index":19,"matrix":[0.9992,-0.0351,0.0176,0,0.0338,0.9968,0.0724,0,-0.0201,-0.0718,0.9972,0,0,0.0477,0,1],"rest":[0.9992,-0.0351,0.0176,0,0.0338,0.9968,0.0724,0,-0.0201,-0.0718,0.9972,0,0,0.0477,0,1],"parentBoneIndex":18,"length":0.0272
,"animation":{"dataType":3,"framePerSecond":25,"keys":[
{"frame":0,"values":[0.9992,-0.0351,0.0176,0,0.0338,0.9968,0.0724,0,-0.0201,-0.0718,0.9972,0,0,0.0477,0,1]},
{"frame":24,"values":[0.9992,-0.0351,0.0176,0,0.0338,0.9968,0.0724,0,-0.0201,-0.0718,0.9972,0,0,0.0477,0,1]}],"loopBehavior":1,"name":"anim","property":"_matrix"}},
{"name":"palm.02.R","index":20,"matrix":[0.9923,-0.083,-0.0918,0,0.1014,0.9705,0.2188,0,0.071,-0.2264,0.9714,0,-0.0004,0.041,-0.0099,1],"rest":[0.9923,-0.083,-0.0918,0,0.1014,0.9705,0.2188,0,0.071,-0.2264,0.9714,0,-0.0004,0.041,-0.0099,1],"parentBoneIndex":17,"length":0.0606
,"animation":{"dataType":3,"framePerSecond":25,"keys":[
{"frame":0,"values":[0.9923,-0.083,-0.0918,0,0.1014,0.9705,0.2188,0,0.071,-0.2264,0.9714,0,-0.0004,0.041,-0.0099,1]},
{"frame":24,"values":[0.9923,-0.083,-0.0918,0,0.1014,0.9705,0.2188,0,0.071,-0.2264,0.9714,0,-0.0004,0.041,-0.0099,1]}],"loopBehavior":1,"name":"anim","property":"_matrix"}},
{"name":"f_middle.01.R","index":21,"matrix":[0.9963,0.0838,-0.0172,0,-0.071,0.9223,0.3798,0,0.0477,-0.3772,0.9249,0,0,0.0606,0,1],"rest":[0.9963,0.0838,-0.0172,0,-0.071,0.9223,0.3798,0,0.0477,-0.3772,0.9249,0,0,0.0606,0,1],"parentBoneIndex":20,"length":0.0365
,"animation":{"dataType":3,"framePerSecond":25,"keys":[
{"frame":0,"values":[0.9963,0.0838,-0.0172,0,-0.071,0.9223,0.3798,0,0.0477,-0.3772,0.9249,0,0,0.0606,0,1]},
{"frame":24,"values":[0.9963,0.0838,-0.0172,0,-0.071,0.9223,0.3798,0,0.0477,-0.3772,0.9249,0,0,0.0606,0,1]}],"loopBehavior":1,"name":"anim","property":"_matrix"}},
{"name":"f_middle.02.R","index":22,"matrix":[0.9952,-0.0975,-0.0043,0,0.0928,0.9325,0.3489,0,-0.03,-0.3476,0.9372,0,0,0.0365,0,1],"rest":[0.9952,-0.0975,-0.0043,0,0.0928,0.9325,0.3489,0,-0.03,-0.3476,0.9372,0,0,0.0365,0,1],"parentBoneIndex":21,"length":0.0292
,"animation":{"dataType":3,"framePerSecond":25,"keys":[
{"frame":0,"values":[0.9952,-0.0975,-0.0043,0,0.0928,0.9325,0.3489,0,-0.03,-0.3476,0.9372,0,0,0.0365,0,1]},
{"frame":24,"values":[0.9952,-0.0975,-0.0043,0,0.0928,0.9325,0.3489,0,-0.03,-0.3476,0.9372,0,0,0.0365,0,1]}],"loopBehavior":1,"name":"anim","property":"_matrix"}},
{"name":"foot_IK_main.L","index":23,"matrix":[0,0,1,0,0,-1,0,0,-1,0,0,0,0.0464,0.1144,0.0652,1],"rest":[0,0,1,0,0,-1,0,0,-1,0,0,0,0.0464,0.1144,0.0652,1],"parentBoneIndex":-1,"length":0.2052
,"animation":{"dataType":3,"framePerSecond":25,"keys":[
{"frame":0,"values":[0,0,1,0,0,-1,0,0,-1,0,0,0,0.0464,0.1144,0.0652,1]},
{"frame":24,"values":[0,0,1,0,0,-1,0,0,-1,0,0,0,0.0464,0.1144,0.0652,1]}],"loopBehavior":1,"name":"anim","property":"_matrix"}},
{"name":"roll_main.L","index":24,"matrix":[-0.021,0.021,-0.9996,0,0.9998,-0.0018,-0.021,0,-0.0022,-0.9998,-0.021,0,0,0,0,1],"rest":[-0.021,0.021,-0.9996,0,0.9998,-0.0018,-0.021,0,-0.0022,-0.9998,-0.021,0,0,0,0,1],"parentBoneIndex":23,"length":0.0943
,"animation":{"dataType":3,"framePerSecond":25,"keys":[
{"frame":0,"values":[-0.021,0.021,-0.9996,0,0.9998,-0.0018,-0.021,0,-0.0022,-0.9998,-0.021,0,0,0,0,1]},
{"frame":24,"values":[-0.021,0.021,-0.9996,0,0.9998,-0.0018,-0.021,0,-0.0022,-0.9998,-0.021,0,0,0,0,1]}],"loopBehavior":1,"name":"anim","property":"_matrix"}},
{"name":"roll_back.L","index":25,"matrix":[0.0527,0,-0.9986,0,-0.9986,0,-0.0527,0,0,1,0,0,0.0304,0.0981,0.0015,1],"rest":[0.0527,0,-0.9987,0,-0.9986,0,-0.0527,0,0,1,0,0,0.0304,0.0981,0.0015,1],"parentBoneIndex":23,"length":0.0901
,"animation":{"dataType":3,"framePerSecond":25,"keys":[
{"frame":0,"values":[0.0527,0,-0.9986,0,-0.9986,0,-0.0527,0,0,1,0,0,0.0304,0.0981,0.0015,1]},
{"frame":24,"values":[0.0527,0,-0.9986,0,-0.9986,0,-0.0527,0,0,1,0,0,0.0304,0.0981,0.0015,1]}],"loopBehavior":1,"name":"anim","property":"_matrix"}},
{"name":"roll_front.L","index":26,"matrix":[1,0,0,0,0,-1,0,0,0,0,-1,0,0,0.1803,0,1],"rest":[1,0,0,0,0,-1,0,0,0,0,-1,0,0,0.1803,0,1],"parentBoneIndex":25,"length":0.0901
,"animation":{"dataType":3,"framePerSecond":25,"keys":[
{"frame":0,"values":[1,0,0,0,0,-1,0,0,0,0,-1,0,0,0.1803,0,1]},
{"frame":24,"values":[1,0,0,0,0,-1,0,0,0,0,-1,0,0,0.1803,0,1]}],"loopBehavior":1,"name":"anim","property":"_matrix"}},
{"name":"foot_IK.L","index":27,"matrix":[0.9995,-0.0116,0.0279,0,0.0051,-0.846,-0.5331,0,0.0297,0.533,-0.8456,0,-0.0001,0.1498,0.0981,1],"rest":[0.9995,-0.0116,0.0279,0,0.0051,-0.846,-0.5331,0,0.0297,0.533,-0.8456,0,-0.0001,0.1498,0.0981,1],"parentBoneIndex":26,"length":0.1836
,"animation":{"dataType":3,"framePerSecond":25,"keys":[
{"frame":0,"values":[0.9995,-0.0116,0.0279,0,0.0051,-0.846,-0.5331,0,0.0297,0.533,-0.8456,0,-0.0001,0.1498,0.0981,1]},
{"frame":24,"values":[0.9995,-0.0116,0.0279,0,0.0051,-0.846,-0.5331,0,0.0297,0.533,-0.8456,0,-0.0001,0.1498,0.0981,1]}],"loopBehavior":1,"name":"anim","property":"_matrix"}},
{"name":"pole_target.L","index":28,"matrix":[0,0,-1,0,0,-1,0,0,-1,0,0,0,-1.1481,-0.4031,-0.0247,1],"rest":[0,0,-1,0,0,-1,0,0,-1,0,0,0,-1.1481,-0.4031,-0.0247,1],"parentBoneIndex":23,"length":0.1178
,"animation":{"dataType":3,"framePerSecond":25,"keys":[
{"frame":0,"values":[0,0,-1,0,0,-1,0,0,-1,0,0,0,-1.1481,-0.4031,-0.0247,1]},
{"frame":24,"values":[0,0,-1,0,0,-1,0,0,-1,0,0,0,-1.1481,-0.4031,-0.0247,1]}],"loopBehavior":1,"name":"anim","property":"_matrix"}},
{"name":"thigh.L","index":29,"matrix":[0.9963,-0.0465,-0.0729,0,-0.0487,-0.9984,-0.0287,0,-0.0715,0.0322,-0.9969,0,0.0962,0.0393,0.0085,1],"rest":[0.9963,-0.0465,-0.0729,0,-0.0487,-0.9984,-0.0287,0,-0.0715,0.0322,-0.9969,0,0.0962,0.0393,0.0085,1],"parentBoneIndex":0,"length":0.4776
,"animation":{"dataType":3,"framePerSecond":25,"keys":[
{"frame":0,"values":[0.9963,-0.0465,-0.0729,0,-0.0487,-0.9984,-0.0287,0,-0.0715,0.0322,-0.9969,0,0.0962,0.0393,0.0085,1]},
{"frame":24,"values":[0.9963,-0.0465,-0.0729,0,-0.0487,-0.9984,-0.0287,0,-0.0715,0.0322,-0.9969,0,0.0962,0.0393,0.0085,1]}],"loopBehavior":1,"name":"anim","property":"_matrix"}},
{"name":"shin.L","index":30,"matrix":[1,0.0085,0.0006,0,-0.0085,0.9935,0.1131,0,0.0004,-0.1131,0.9936,0,0,0.4776,0,1],"rest":[1,0.0085,0.0006,0,-0.0085,0.9935,0.1131,0,0.0004,-0.1131,0.9936,0,0,0.4776,0,1],"parentBoneIndex":29,"length":0.4078
,"animation":{"dataType":3,"framePerSecond":25,"keys":[
{"frame":0,"values":[1,0.0085,0.0006,0,-0.0085,0.9935,0.1131,0,0.0004,-0.1131,0.9936,0,0,0.4776,0,1]},
{"frame":24,"values":[1,0.0085,0.0006,0,-0.0085,0.9935,0.1131,0,0.0004,-0.1131,0.9936,0,0,0.4776,0,1]}],"loopBehavior":1,"name":"anim","property":"_matrix"}},
{"name":"foot.L","index":31,"matrix":[0.996,-0.0868,-0.0205,0,0.0168,0.4076,-0.913,0,0.0876,0.909,0.4075,0,0,0.4078,0,1],"rest":[0.996,-0.0868,-0.0205,0,0.0168,0.4076,-0.913,0,0.0876,0.909,0.4075,0,0,0.4078,0,1],"parentBoneIndex":30,"length":0.1836
,"animation":{"dataType":3,"framePerSecond":25,"keys":[
{"frame":0,"values":[0.996,-0.0868,-0.0205,0,0.0168,0.4076,-0.913,0,0.0876,0.909,0.4075,0,0,0.4078,0,1]},
{"frame":24,"values":[0.996,-0.0868,-0.0205,0,0.0168,0.4076,-0.913,0,0.0876,0.909,0.4075,0,0,0.4078,0,1]}],"loopBehavior":1,"name":"anim","property":"_matrix"}},
{"name":"toe.L","index":32,"matrix":[-0.996,0.0642,-0.0622,0,0.0834,0.9175,-0.389,0,0.032,-0.3926,-0.9191,0,0,0.1836,0,1],"rest":[-0.996,0.0642,-0.0622,0,0.0834,0.9175,-0.389,0,0.032,-0.3926,-0.9191,0,0,0.1836,0,1],"parentBoneIndex":31,"length":0.0789
,"animation":{"dataType":3,"framePerSecond":25,"keys":[
{"frame":0,"values":[-0.996,0.0642,-0.0622,0,0.0834,0.9175,-0.389,0,0.032,-0.3926,-0.9191,0,0,0.1836,0,1]},
{"frame":24,"values":[-0.996,0.0642,-0.0622,0,0.0834,0.9175,-0.389,0,0.032,-0.3926,-0.9191,0,0,0.1836,0,1]}],"loopBehavior":1,"name":"anim","property":"_matrix"}},
{"name":"foot_IK_main.R","index":33,"matrix":[0,0,1,0,0,-1,0,0,-1,0,0,0,-0.0464,0.1144,0.0652,1],"rest":[0,0,1,0,0,-1,0,0,-1,0,0,0,-0.0464,0.1144,0.0652,1],"parentBoneIndex":-1,"length":0.2052
,"animation":{"dataType":3,"framePerSecond":25,"keys":[
{"frame":0,"values":[0,0,1,0,0,-1,0,0,-1,0,0,0,-0.0464,0.1144,0.0652,1]},
{"frame":24,"values":[0,0,1,0,0,-1,0,0,-1,0,0,0,-0.0464,0.1144,0.0652,1]}],"loopBehavior":1,"name":"anim","property":"_matrix"}},
{"name":"roll_main.R","index":34,"matrix":[0.0211,0.021,-0.9996,0,0.9998,-0.0018,0.021,0,-0.0013,-0.9998,-0.021,0,0,0,0,1],"rest":[0.0211,0.021,-0.9996,0,0.9998,-0.0018,0.021,0,-0.0013,-0.9998,-0.021,0,0,0,0,1],"parentBoneIndex":33,"length":0.0943
,"animation":{"dataType":3,"framePerSecond":25,"keys":[
{"frame":0,"values":[0.0211,0.021,-0.9996,0,0.9998,-0.0018,0.021,0,-0.0013,-0.9998,-0.021,0,0,0,0,1]},
{"frame":24,"values":[0.0211,0.021,-0.9996,0,0.9998,-0.0018,0.021,0,-0.0013,-0.9998,-0.021,0,0,0,0,1]}],"loopBehavior":1,"name":"anim","property":"_matrix"}},
{"name":"roll_back.R","index":35,"matrix":[-0.0527,0,-0.9986,0,-0.9986,0,0.0527,0,0,1,0,0,0.0304,0.0981,-0.0015,1],"rest":[-0.0527,0,-0.9986,0,-0.9986,0,0.0527,0,0,1,0,0,0.0304,0.0981,-0.0015,1],"parentBoneIndex":33,"length":0.0901
,"animation":{"dataType":3,"framePerSecond":25,"keys":[
{"frame":0,"values":[-0.0527,0,-0.9986,0,-0.9986,0,0.0527,0,0,1,0,0,0.0304,0.0981,-0.0015,1]},
{"frame":24,"values":[-0.0527,0,-0.9986,0,-0.9986,0,0.0527,0,0,1,0,0,0.0304,0.0981,-0.0015,1]}],"loopBehavior":1,"name":"anim","property":"_matrix"}},
{"name":"roll_front.R","index":36,"matrix":[1,0,0,0,0,-1,0,0,0,0,-1,0,0,0.1803,0,1],"rest":[1,0,0,0,0,-1,0,0,0,0,-1,0,0,0.1803,0,1],"parentBoneIndex":35,"length":0.0901
,"animation":{"dataType":3,"framePerSecond":25,"keys":[
{"frame":0,"values":[1,0,0,0,0,-1,0,0,0,0,-1,0,0,0.1803,0,1]},
{"frame":24,"values":[1,0,0,0,0,-1,0,0,0,0,-1,0,0,0.1803,0,1]}],"loopBehavior":1,"name":"anim","property":"_matrix"}},
{"name":"foot_IK.R","index":37,"matrix":[0.9996,0.0098,-0.0251,0,-0.0051,-0.846,-0.5331,0,-0.0265,0.533,-0.8457,0,0.0001,0.1498,0.0981,1],"rest":[0.9996,0.0098,-0.0251,0,-0.0051,-0.846,-0.5331,0,-0.0265,0.533,-0.8457,0,0.0001,0.1498,0.0981,1],"parentBoneIndex":36,"length":0.1836
,"animation":{"dataType":3,"framePerSecond":25,"keys":[
{"frame":0,"values":[0.9996,0.0098,-0.0251,0,-0.0051,-0.846,-0.5331,0,-0.0265,0.533,-0.8457,0,0.0001,0.1498,0.0981,1]},
{"frame":24,"values":[0.9996,0.0098,-0.0251,0,-0.0051,-0.846,-0.5331,0,-0.0265,0.533,-0.8457,0,0.0001,0.1498,0.0981,1]}],"loopBehavior":1,"name":"anim","property":"_matrix"}},
{"name":"pole_target.R","index":38,"matrix":[0,0,-1,0,0,-1,0,0,-1,0,0,0,-1.1481,-0.4031,0.0247,1],"rest":[0,0,-1,0,0,-1,0,0,-1,0,0,0,-1.1481,-0.4031,0.0247,1],"parentBoneIndex":33,"length":0.1178
,"animation":{"dataType":3,"framePerSecond":25,"keys":[
{"frame":0,"values":[0,0,-1,0,0,-1,0,0,-1,0,0,0,-1.1481,-0.4031,0.0247,1]},
{"frame":24,"values":[0,0,-1,0,0,-1,0,0,-1,0,0,0,-1.1481,-0.4031,0.0247,1]}],"loopBehavior":1,"name":"anim","property":"_matrix"}},
{"name":"thigh.R","index":39,"matrix":[0.9984,0.054,-0.0172,0,0.0535,-0.9982,-0.0282,0,-0.0188,0.0273,-0.9995,0,-0.0962,0.0393,0.0085,1],"rest":[0.9984,0.054,-0.0173,0,0.0535,-0.9982,-0.0282,0,-0.0188,0.0273,-0.9995,0,-0.0962,0.0393,0.0085,1],"parentBoneIndex":0,"length":0.4776
,"animation":{"dataType":3,"framePerSecond":25,"keys":[
{"frame":0,"values":[0.9984,0.054,-0.0172,0,0.0535,-0.9982,-0.0282,0,-0.0188,0.0273,-0.9995,0,-0.0962,0.0393,0.0085,1]},
{"frame":24,"values":[0.9984,0.054,-0.0172,0,0.0535,-0.9982,-0.0282,0,-0.0188,0.0273,-0.9995,0,-0.0962,0.0393,0.0085,1]}],"loopBehavior":1,"name":"anim","property":"_matrix"}},
{"name":"shin.R","index":40,"matrix":[0.9999,-0.0068,-0.0132,0,0.0082,0.9935,0.1132,0,0.0123,-0.1133,0.9935,0,0,0.4776,0,1],"rest":[0.9999,-0.0068,-0.0132,0,0.0082,0.9935,0.1132,0,0.0123,-0.1133,0.9935,0,0,0.4776,0,1],"parentBoneIndex":39,"length":0.4078
,"animation":{"dataType":3,"framePerSecond":25,"keys":[
{"frame":0,"values":[0.9999,-0.0068,-0.0132,0,0.0082,0.9935,0.1132,0,0.0123,-0.1133,0.9935,0,0,0.4776,0,1]},
{"frame":24,"values":[0.9999,-0.0068,-0.0132,0,0.0082,0.9935,0.1132,0,0.0123,-0.1133,0.9935,0,0,0.4776,0,1]}],"loopBehavior":1,"name":"anim","property":"_matrix"}},
{"name":"foot.R","index":41,"matrix":[0.9952,0.0781,-0.0583,0,-0.0853,0.4076,-0.9092,0,-0.0473,0.9098,0.4123,0,0,0.4078,0,1],"rest":[0.9952,0.0781,-0.0583,0,-0.0853,0.4076,-0.9092,0,-0.0473,0.9098,0.4123,0,0,0.4078,0,1],"parentBoneIndex":40,"length":0.1836
,"animation":{"dataType":3,"framePerSecond":25,"keys":[
{"frame":0,"values":[0.9952,0.0781,-0.0583,0,-0.0853,0.4076,-0.9092,0,-0.0473,0.9098,0.4123,0,0,0.4078,0,1]},
{"frame":24,"values":[0.9952,0.0781,-0.0583,0,-0.0853,0.4076,-0.9092,0,-0.0473,0.9098,0.4123,0,0,0.4078,0,1]}],"loopBehavior":1,"name":"anim","property":"_matrix"}},
{"name":"toe.R","index":42,"matrix":[-0.9966,-0.073,0.0385,0,-0.0822,0.9174,-0.3893,0,-0.0069,-0.3911,-0.9203,0,0,0.1836,0,1],"rest":[-0.9966,-0.073,0.0385,0,-0.0822,0.9174,-0.3893,0,-0.0069,-0.3911,-0.9203,0,0,0.1836,0,1],"parentBoneIndex":41,"length":0.0789
,"animation":{"dataType":3,"framePerSecond":25,"keys":[
{"frame":0,"values":[-0.9966,-0.073,0.0385,0,-0.0822,0.9174,-0.3893,0,-0.0069,-0.3911,-0.9203,0,0,0.1836,0,1]},
{"frame":24,"values":[-0.9966,-0.073,0.0385,0,-0.0822,0.9174,-0.3893,0,-0.0069,-0.3911,-0.9203,0,0,0.1836,0,1]}],"loopBehavior":1,"name":"anim","property":"_matrix"}}]
,"ranges":[{"name":"metarigAction","from":0,"to":24}]}],
"meshes":[{"name":"Circle","id":"Circle","materialId":"player.Material","billboardMode":0,"position":[0,0,0],"rotation":[0,0,0],"scaling":[1,1,1],"isVisible":true,"freezeWorldMatrix":false,"isEnabled":true,"checkCollisions":false,"receiveShadows":false,"skeletonId":0,"numBoneInfluencers":4
