{"producer":{"name":"Blender","version":"2.78 (sub 0)","exporter_version":"4.6.1","file":"player.babylon"},
"autoClear":true,"clearColor":[0,0,0],"ambientColor":[0,0,0],"gravity":[0,-9.81,0],
"materials":[{"name":"player.Material","id":"player.Material","ambient":[0.8,0.8,0.8],"diffuse":[0.64,0.64,0.64],"specular":[0.5,0.5,0.5],"emissive":[0,0,0],"specularPower":50,"alpha":1,"backFaceCulling":true,"checkReadyOnlyOnce":false}],
"multiMaterials":[],
"skeletons":[{"name":"metarig","id":0,"dimensionsAtRest":[0.4963,1.8359,2.2133],"bones":[
{"name":"hips","index":0,"matrix":[1,0,0,0,0,1,0.0034,0,0,0.0034,-1,0,0,0.955,0.0055,1],"rest":[1,0,0,0,0,1,0.0034,0,0,0.0034,-1,0,0,0.955,0.0055,1],"parentBoneIndex":-1,"length":0.1644
,"animation":{"dataType":3,"framePerSecond":25,"keys":[
{"frame":0,"values":[1,0,0,0,0,1,0.0034,0,0,0.0034,-1,0,0,0.955,0.0055,1]},
{"frame":1,"values":[1,0,0,0,0,1,0.0034,0,0,0.0034,-1,0,0,0.9366,0.0055,1]},
{"frame":2,"values":[1,0,0,0,0,1,0.0034,0,0,0.0034,-1,0,0,0.9182,0.0055,1]},
{"frame":3,"values":[1,0,0,0,0,1,0.0034,0,0,0.0034,-1,0,0,0.9234,0.0055,1]},
{"frame":4,"values":[1,0,0,0,0,1,0.0034,0,0,0.0034,-1,0,0,0.9329,0.0055,1]},
{"frame":5,"values":[1,0,0,0,0,1,0.0034,0,0,0.0034,-1,0,0,0.9397,0.0055,1]},
{"frame":6,"values":[1,0,0,0,0,1,0.0034,0,0,0.0034,-1,0,0,0.9476,0.0055,1]},
{"frame":7,"values":[1,0,0,0,0,1,0.0034,0,0,0.0034,-1,0,0,0.9614,0.0055,1]},
{"frame":8,"values":[1,0,0,0,0,1,0.0034,0,0,0.0034,-1,0,0,0.9697,0.0055,1]},
{"frame":9,"values":[1,0,0,0,0,1,0.0034,0,0,0.0034,-1,0,0,0.9656,0.0055,1]},
{"frame":10,"values":[1,0,0,0,0,1,0.0034,0,0,0.0034,-1,0,0,0.957,0.0055,1]},
{"frame":11,"values":[1,0,0,0,0,1,0.0034,0,0,0.0034,-1,0,0,0.9492,0.0055,1]},
{"frame":12,"values":[1,0,0,0,0,1,0.0034,0,0,0.0034,-1,0,0,0.9391,0.0055,1]},
{"frame":13,"values":[1,0,0,0,0,1,0.0034,0,0,0.0034,-1,0,0,0.9211,0.0055,1]},
{"frame":14,"values":[1,0,0,0,0,1,0.0034,0,0,0.0034,-1,0,0,0.91,0.0055,1]},
{"frame":15,"values":[1,0,0,0,0,1,0.0034,0,0,0.0034,-1,0,0,0.9123,0.0055,1]},
{"frame":16,"values":[1,0,0,0,0,1,0.0034,0,0,0.0034,-1,0,0,0.9179,0.0055,1]},
{"frame":17,"values":[1,0,0,0,0,1,0.0034,0,0,0.0034,-1,0,0,0.9245,0.0055,1]},
{"frame":18,"values":[1,0,0,0,0,1,0.0034,0,0,0.0034,-1,0,0,0.9332,0.0055,1]},
{"frame":19,"values":[1,0,0,0,0,1,0.0034,0,0,0.0034,-1,0,0,0.9471,0.0055,1]},
{"frame":20,"values":[1,0,0,0,0,1,0.0034,0,0,0.0034,-1,0,0,0.9554,0.0055,1]},
{"frame":21,"values":[1,0,0,0,0,1,0.0034,0,0,0.0034,-1,0,0,0.9488,0.0055,1]},
{"frame":22,"values":[1,0,0,0,0,1,0.0034,0,0,0.0034,-1,0,0,0.9421,0.0055,1]},
{"frame":23,"values":[1,0,0,0,0,1,0.0034,0,0,0.0034,-1,0,0,0.9486,0.0055,1]},
{"frame":24,"values":[1,0,0,0,0,1,0.0034,0,0,0.0034,-1,0,0,0.955,0.0055,1]}],"loopBehavior":1,"name":"anim","property":"_matrix"}},
{"name":"spine","index":1,"matrix":[0.9855,0.0093,0.1692,0,-0.065,0.9428,0.327,0,-0.1565,-0.3333,0.9298,0,0,0.1644,0,1],"rest":[1,0,0,0,0,0.9991,0.0413,0,0,-0.0413,0.9991,0,0,0.1644,0,1],"parentBoneIndex":0,"length":0.1496
,"animation":{"dataType":3,"framePerSecond":25,"keys":[
{"frame":0,"values":[0.9855,0.0093,0.1692,0,-0.065,0.9428,0.327,0,-0.1565,-0.3333,0.9298,0,0,0.1644,0,1]},
{"frame":1,"values":[0.9864,0.0092,0.1642,0,-0.0632,0.9428,0.3273,0,-0.1518,-0.3332,0.9305,0,0,0.1644,0,1]},
{"frame":2,"values":[0.9888,0.0088,0.1492,0,-0.0579,0.9429,0.3281,0,-0.1378,-0.3331,0.9328,0,0,0.1644,0,1]},
{"frame":3,"values":[0.9922,0.0081,0.1242,0,-0.0489,0.9429,0.3294,0,-0.1144,-0.3329,0.936,0,0,0.1644,0,1]},
{"frame":4,"values":[0.9959,0.0072,0.0903,0,-0.0368,0.943,0.3307,0,-0.0828,-0.3326,0.9394,0,0,0.1644,0,1]},
{"frame":5,"values":[0.9988,0.0062,0.0496,0,-0.0223,0.9431,0.3317,0,-0.0447,-0.3324,0.9421,0,0,0.1644,0,1]},
{"frame":6,"values":[1,0.005,0.005,0,-0.0064,0.9432,0.3321,0,-0.0031,-0.3321,0.9432,0,0,0.1644,0,1]},
{"frame":7,"values":[0.9992,0.0038,-0.0395,0,0.0096,0.9433,0.3318,0,0.0386,-0.3319,0.9425,0,0,0.1644,0,1]},
{"frame":8,"values":[0.9968,0.0027,-0.0803,0,0.0241,0.9433,0.3309,0,0.0767,-0.3318,0.9402,0,0,0.1644,0,1]},
{"frame":9,"values":[0.9935,0.0018,-0.1142,0,0.0362,0.9434,0.3298,0,0.1084,-0.3317,0.9371,0,0,0.1644,0,1]},
{"frame":10,"values":[0.9903,0.0011,-0.1392,0,0.0452,0.9434,0.3286,0,0.1317,-0.3317,0.9341,0,0,0.1644,0,1]},
{"frame":11,"values":[0.988,0.0007,-0.1543,0,0.0506,0.9434,0.3278,0,0.1458,-0.3317,0.9321,0,0,0.1644,0,1]},
{"frame":12,"values":[0.9872,0.0005,-0.1593,0,0.0523,0.9434,0.3275,0,0.1505,-0.3317,0.9313,0,0,0.1644,0,1]},
{"frame":13,"values":[0.988,0.0007,-0.1543,0,0.0506,0.9434,0.3278,0,0.1458,-0.3317,0.9321,0,0,0.1644,0,1]},
{"frame":14,"values":[0.9903,0.0011,-0.1392,0,0.0452,0.9434,0.3286,0,0.1317,-0.3317,0.9341,0,0,0.1644,0,1]},
{"frame":15,"values":[0.9935,0.0018,-0.1142,0,0.0362,0.9434,0.3298,0,0.1084,-0.3317,0.9371,0,0,0.1644,0,1]},
{"frame":16,"values":[0.9968,0.0027,-0.0803,0,0.0241,0.9433,0.3309,0,0.0767,-0.3318,0.9402,0,0,0.1644,0,1]},
{"frame":17,"values":[0.9992,0.0038,-0.0395,0,0.0096,0.9433,0.3318,0,0.0386,-0.3319,0.9425,0,0,0.1644,0,1]},
{"frame":18,"values":[1,0.005,0.005,0,-0.0064,0.9432,0.3321,0,-0.0031,-0.3321,0.9432,0,0,0.1644,0,1]},
{"frame":19,"values":[0.9988,0.0062,0.0496,0,-0.0223,0.9431,0.3317,0,-0.0447,-0.3324,0.9421,0,0,0.1644,0,1]},
{"frame":20,"values":[0.9959,0.0072,0.0903,0,-0.0368,0.943,0.3307,0,-0.0828,-0.3326,0.9394,0,0,0.1644,0,1]},
{"frame":21,"values":[0.9922,0.0081,0.1242,0,-0.0489,0.9429,0.3294,0,-0.1144,-0.3329,0.936,0,0,0.1644,0,1]},
{"frame":22,"values":[0.9888,0.0088,0.1492,0,-0.0579,0.9429,0.3281,0,-0.1378,-0.3331,0.9328,0,0,0.1644,0,1]},
{"frame":23,"values":[0.9864,0.0092,0.1642,0,-0.0632,0.9428,0.3273,0,-0.1518,-0.3332,0.9305,0,0,0.1644,0,1]},
{"frame":24,"values":[0.9855,0.0093,0.1692,0,-0.065,0.9428,0.327,0,-0.1565,-0.3333,0.9298,0,0,0.1644,0,1]}],"loopBehavior":1,"name":"anim","property":"_matrix"}},
{"name":"chest","index":2,"matrix":[1,0,0,0,0,0.9998,0.0212,0,0,-0.0212,0.9998,0,0,0.1496,0,1],"rest":[1,0,0,0,0,0.9974,-0.0726,0,0,0.0726,0.9974,0,0,0.1496,0,1],"parentBoneIndex":1,"length":0.2994
,"animation":{"dataType":3,"framePerSecond":25,"keys":[
{"frame":0,"values":[1,0,0,0,0,0.9998,0.0212,0,0,-0.0212,0.9998,0,0,0.1496,0,1]},
{"frame":24,"values":[1,0,0,0,0,0.9998,0.0212,0,0,-0.0212,0.9998,0,0,0.1496,0,1]}],"loopBehavior":1,"name":"anim","property":"_matrix"}},
{"name":"neck","index":3,"matrix":[1,0,0,0,0,0.9997,0.0256,0,0,-0.0256,0.9997,0,0,0.2994,0,1],"rest":[1,0,0,0,0,0.9997,0.0256,0,0,-0.0256,0.9997,0,0,0.2994,0,1],"parentBoneIndex":2,"length":0.07
,"animation":{"dataType":3,"framePerSecond":25,"keys":[
{"frame":0,"values":[1,0,0,0,0,0.9997,0.0256,0,0,-0.0256,0.9997,0,0,0.2994,0,1]},
{"frame":24,"values":[1,0,0,0,0,0.9997,0.0256,0,0,-0.0256,0.9997,0,0,0.2994,0,1]}],"loopBehavior":1,"name":"anim","property":"_matrix"}},
{"name":"head","index":4,"matrix":[1,0,0,0,0,0.9992,0.0388,0,0,-0.0388,0.9992,0,0,0.07,0,1],"rest":[1,0,0,0,0,0.9403,0.3404,0,0,-0.3404,0.9403,0,0,0.07,0,1],"parentBoneIndex":3,"length":0.1922
,"animation":{"dataType":3,"framePerSecond":25,"keys":[
{"frame":0,"values":[1,0,0,0,0,0.9992,0.0388,0,0,-0.0388,0.9992,0,0,0.07,0,1]},
{"frame":24,"values":[1,0,0,0,0,0.9992,0.0388,0,0,-0.0388,0.9992,0,0,0.07,0,1]}],"loopBehavior":1,"name":"anim","property":"_matrix"}},
{"name":"shoulder.L","index":5,"matrix":[0.5071,-0.03,0.8614,0,0.8619,0.017,-0.5068,0,0.0005,0.9994,0.0345,0,0.0173,0.2473,0.0515,1],"rest":[0.5071,-0.03,0.8614,0,0.8619,0.017,-0.5068,0,0.0005,0.9994,0.0345,0,0.0173,0.2473,0.0515,1],"parentBoneIndex":2,"length":0.1658
,"animation":{"dataType":3,"framePerSecond":25,"keys":[
{"frame":0,"values":[0.5071,-0.03,0.8614,0,0.8619,0.017,-0.5068,0,0.0005,0.9994,0.0345,0,0.0173,0.2473,0.0515,1]},
{"frame":24,"values":[0.5071,-0.03,0.8614,0,0.8619,0.017,-0.5068,0,0.0005,0.9994,0.0345,0,0.0173,0.2473,0.0515,1]}],"loopBehavior":1,"name":"anim","property":"_matrix"}},
{"name":"upper_arm.L","index":6,"matrix":[-0.3384,-0.9353,-0.1033,0,0.4607,-0.069,-0.8849,0,0.8205,-0.347,0.4543,0,0.0115,0.1874,-0.0168,1],"rest":[-0.3869,-0.9067,-0.1677,0,0.1247,0.1288,-0.9838,0,0.9136,-0.4016,0.0632,0,0.0115,0.1874,-0.0168,1],"parentBoneIndex":5,"length":0.3353
,"animation":{"dataType":3,"framePerSecond":25,"keys":[
{"frame":0,"values":[-0.3384,-0.9353,-0.1033,0,0.4607,-0.069,-0.8849,0,0.8205,-0.347,0.4543,0,0.0115,0.1874,-0.0168,1]},
{"frame":1,"values":[-0.3389,-0.9349,-0.1056,0,0.4522,-0.0634,-0.8897,0,0.825,-0.3492,0.4443,0,0.0115,0.1874,-0.0168,1]},
{"frame":2,"values":[-0.3405,-0.9335,-0.1127,0,0.4261,-0.0464,-0.9035,0,0.8381,-0.3556,0.4136,0,0.0115,0.1874,-0.0168,1]},
{"frame":3,"values":[-0.3436,-0.9309,-0.1243,0,0.382,-0.0177,-0.924,0,0.8579,-0.365,0.3616,0,0.0115,0.1874,-0.0168,1]},
{"frame":4,"values":[-0.3488,-0.9267,-0.1396,0,0.3202,0.0222,-0.9471,0,0.8808,-0.375,0.289,0,0.0115,0.1874,-0.0168,1]},
{"frame":5,"values":[-0.3564,-0.921,-0.1574,0,0.2436,0.0711,-0.9673,0,0.902,-0.3831,0.199,0,0.0115,0.1874,-0.0168,1]},
{"frame":6,"values":[-0.3663,-0.9137,-0.1758,0,0.1581,0.1251,-0.9795,0,0.917,-0.3866,0.0986,0,0.0115,0.1874,-0.0168,1]},
{"frame":7,"values":[-0.3779,-0.9056,-0.1928,0,0.0717,0.179,-0.9812,0,0.9231,-0.3846,-0.0027,0,0.0115,0.1874,-0.0168,1]},
{"frame":8,"values":[-0.3897,-0.8974,-0.207,0,-0.0072,0.2277,-0.9737,0,0.9209,-0.3779,-0.0952,0,0.0115,0.1874,-0.0168,1]},
{"frame":9,"values":[-0.4003,-0.8902,-0.2177,0,-0.072,0.2674,-0.9609,0,0.9136,-0.3689,-0.1711,0,0.0115,0.1874,-0.0168,1]},
{"frame":10,"values":[-0.4085,-0.8846,-0.2249,0,-0.1191,0.296,-0.9478,0,0.905,-0.3604,-0.2262,0,0.0115,0.1874,-0.0168,1]},
{"frame":11,"values":[-0.4137,-0.8812,-0.229,0,-0.1471,0.3129,-0.9383,0,0.8985,-0.3545,-0.259,0,0.0115,0.1874,-0.0168,1]},
{"frame":12,"values":[-0.4154,-0.88,-0.2303,0,-0.1563,0.3184,-0.935,0,0.8961,-0.3524,-0.2698,0,0.0115,0.1874,-0.0168,1]},
{"frame":13,"values":[-0.4137,-0.8812,-0.229,0,-0.1471,0.3129,-0.9383,0,0.8985,-0.3545,-0.259,0,0.0115,0.1874,-0.0168,1]},
{"frame":14,"values":[-0.4085,-0.8846,-0.2249,0,-0.1191,0.296,-0.9478,0,0.905,-0.3604,-0.2262,0,0.0115,0.1874,-0.0168,1]},
{"frame":15,"values":[-0.4003,-0.8902,-0.2177,0,-0.072,0.2674,-0.9609,0,0.9136,-0.3689,-0.1711,0,0.0115,0.1874,-0.0168,1]},
{"frame":16,"values":[-0.3897,-0.8974,-0.207,0,-0.0072,0.2277,-0.9737,0,0.9209,-0.3779,-0.0952,0,0.0115,0.1874,-0.0168,1]},
{"frame":17,"values":[-0.3779,-0.9056,-0.1928,0,0.0717,0.179,-0.9812,0,0.9231,-0.3846,-0.0027,0,0.0115,0.1874,-0.0168,1]},
{"frame":18,"values":[-0.3663,-0.9137,-0.1758,0,0.1581,0.1251,-0.9795,0,0.917,-0.3866,0.0986,0,0.0115,0.1874,-0.0168,1]},
{"frame":19,"values":[-0.3564,-0.921,-0.1574,0,0.2436,0.0711,-0.9673,0,0.902,-0.3831,0.199,0,0.0115,0.1874,-0.0168,1]},
{"frame":20,"values":[-0.3488,-0.9267,-0.1396,0,0.3202,0.0222,-0.9471,0,0.8808,-0.375,0.289,0,0.0115,0.1874,-0.0168,1]},
{"frame":21,"values":[-0.3436,-0.9309,-0.1243,0,0.382,-0.0177,-0.924,0,0.8579,-0.365,0.3616,0,0.0115,0.1874,-0.0168,1]},
{"frame":22,"values":[-0.3405,-0.9335,-0.1127,0,0.4261,-0.0464,-0.9035,0,0.8381,-0.3556,0.4136,0,0.0115,0.1874,-0.0168,1]},
{"frame":23,"values":[-0.3389,-0.9349,-0.1056,0,0.4522,-0.0634,-0.8897,0,0.825,-0.3492,0.4443,0,0.0115,0.1874,-0.0168,1]},
{"frame":24,"values":[-0.3384,-0.9353,-0.1033,0,0.4607,-0.069,-0.8849,0,0.8205,-0.347,0.4543,0,0.0115,0.1874,-0.0168,1]}],"loopBehavior":1,"name":"anim","property":"_matrix"}},
{"name":"forearm.L","index":7,"matrix":[0.9237,0.3086,-0.2269,0,0.082,0.4192,0.9042,0,0.3741,-0.8538,0.3619,0,0,0.3353,0,1],"rest":[0.8737,0.0616,-0.4826,0,0.139,0.919,0.3689,0,0.4662,-0.3894,0.7944,0,0,0.3353,0,1],"parentBoneIndex":6,"length":0.3012
,"animation":{"dataType":3,"framePerSecond":25,"keys":[
{"frame":0,"values":[0.9237,0.3086,-0.2269,0,0.082,0.4192,0.9042,0,0.3741,-0.8538,0.3619,0,0,0.3353,0,1]},
{"frame":1,"values":[0.9235,0.3076,-0.2291,0,0.0826,0.4237,0.902,0,0.3745,-0.852,0.3659,0,0,0.3353,0,1]},
{"frame":2,"values":[0.9229,0.3044,-0.2356,0,0.0843,0.4373,0.8953,0,0.3756,-0.8462,0.378,0,0,0.3353,0,1]},
{"frame":3,"values":[0.9219,0.299,-0.2462,0,0.0869,0.4596,0.8839,0,0.3775,-0.8363,0.3977,0,0,0.3353,0,1]},
{"frame":4,"values":[0.9205,0.2914,-0.2603,0,0.0905,0.4891,0.8675,0,0.3801,-0.8221,0.4239,0,0,0.3353,0,1]},
{"frame":5,"values":[0.9187,0.2815,-0.2769,0,0.0946,0.5238,0.8465,0,0.3834,-0.804,0.4546,0,0,0.3353,0,1]},
{"frame":6,"values":[0.9167,0.27,-0.2945,0,0.0989,0.5607,0.8221,0,0.3871,-0.7827,0.4873,0,0,0.3353,0,1]},
{"frame":7,"values":[0.9146,0.2577,-0.3116,0,0.1031,0.5965,0.796,0,0.391,-0.7601,0.519,0,0,0.3353,0,1]},
{"frame":8,"values":[0.9126,0.2458,-0.3267,0,0.1067,0.6283,0.7707,0,0.3947,-0.7381,0.5471,0,0,0.3353,0,1]},
{"frame":9,"values":[0.9109,0.2354,-0.339,0,0.1095,0.6539,0.7486,0,0.3979,-0.719,0.5699,0,0,0.3353,0,1]},
{"frame":10,"values":[0.9095,0.2275,-0.3478,0,0.1116,0.6725,0.7317,0,0.4003,-0.7043,0.5862,0,0,0.3353,0,1]},
{"frame":11,"values":[0.9087,0.2226,-0.353,0,0.1128,0.6835,0.7212,0,0.4018,-0.6952,0.596,0,0,0.3353,0,1]},
{"frame":12,"values":[0.9085,0.2209,-0.3548,0,0.1132,0.6871,0.7177,0,0.4023,-0.6922,0.5992,0,0,0.3353,0,1]},
{"frame":13,"values":[0.9087,0.2226,-0.353,0,0.1128,0.6835,0.7212,0,0.4018,-0.6952,0.596,0,0,0.3353,0,1]},
{"frame":14,"values":[0.9095,0.2275,-0.3478,0,0.1116,0.6725,0.7317,0,0.4003,-0.7043,0.5862,0,0,0.3353,0,1]},
{"frame":15,"values":[0.9109,0.2354,-0.339,0,0.1095,0.6539,0.7486,0,0.3979,-0.719,0.5699,0,0,0.3353,0,1]},
{"frame":16,"values":[0.9126,0.2458,-0.3267,0,0.1067,0.6283,0.7707,0,0.3947,-0.7381,0.5471,0,0,0.3353,0,1]},
{"frame":17,"values":[0.9146,0.2577,-0.3116,0,0.1031,0.5965,0.796,0,0.391,-0.7601,0.519,0,0,0.3353,0,1]},
{"frame":18,"values":[0.9167,0.27,-0.2945,0,0.0989,0.5607,0.8221,0,0.3871,-0.7827,0.4873,0,0,0.3353,0,1]},
{"frame":19,"values":[0.9187,0.2815,-0.2769,0,0.0946,0.5238,0.8465,0,0.3834,-0.804,0.4546,0,0,0.3353,0,1]},
{"frame":20,"values":[0.9205,0.2914,-0.2603,0,0.0905,0.4891,0.8675,0,0.3801,-0.8221,0.4239,0,0,0.3353,0,1]},
{"frame":21,"values":[0.9219,0.299,-0.2462,0,0.0869,0.4596,0.8839,0,0.3775,-0.8363,0.3977,0,0,0.3353,0,1]},
{"frame":22,"values":[0.9229,0.3044,-0.2356,0,0.0843,0.4373,0.8953,0,0.3756,-0.8462,0.378,0,0,0.3353,0,1]},
{"frame":23,"values":[0.9235,0.3076,-0.2291,0,0.0826,0.4237,0.902,0,0.3745,-0.852,0.3659,0,0,0.3353,0,1]},
{"frame":24,"values":[0.9237,0.3086,-0.2269,0,0.082,0.4192,0.9042,0,0.3741,-0.8538,0.3619,0,0,0.3353,0,1]}],"loopBehavior":1,"name":"anim","property":"_matrix"}},
{"name":"hand.L","index":8,"matrix":[0.4784,0.0108,-0.8781,0,-0.0854,0.9958,-0.0343,0,0.874,0.0914,0.4773,0,0,0.3012,0,1],"rest":[0.4784,0.0108,-0.8781,0,-0.0854,0.9958,-0.0343,0,0.874,0.0914,0.4773,0,0,0.3012,0,1],"parentBoneIndex":7,"length":0.06
,"animation":{"dataType":3,"framePerSecond":25,"keys":[
{"frame":0,"values":[0.4784,0.0108,-0.8781,0,-0.0854,0.9958,-0.0343,0,0.874,0.0914,0.4773,0,0,0.3012,0,1]},
{"frame":24,"values":[0.4784,0.0108,-0.8781,0,-0.0854,0.9958,-0.0343,0,0.874,0.0914,0.4773,0,0,0.3012,0,1]}],"loopBehavior":1,"name":"anim","property":"_matrix"}},
{"name":"thumb.01.L","index":9,"matrix":[-0.53,0.5572,-0.6392,0,-0.528,0.373,0.7629,0,0.6635,0.7419,0.0965,0,-0.026,0.0312,0.0032,1],"rest":[-0.5395,0.3924,-0.745,0,-0.5463,0.5101,0.6643,0,0.6407,0.7654,-0.0608,0,-0.026,0.0312,0.0032,1],"parentBoneIndex":8,"length":0.0477
,"animation":{"dataType":3,"framePerSecond":25,"keys":[
{"frame":0,"values":[-0.53,0.5572,-0.6392,0,-0.528,0.373,0.7629,0,0.6635,0.7419,0.0965,0,-0.026,0.0312,0.0032,1]},
{"frame":24,"values":[-0.53,0.5572,-0.6392,0,-0.528,0.373,0.7629,0,0.6635,0.7419,0.0965,0,-0.026,0.0312,0.0032,1]}],"loopBehavior":1,"name":"anim","property":"_matrix"}},
{"name":"thumb.02.L","index":10,"matrix":[0.7816,0.2046,0.5893,0,-0.3931,0.895,0.2107,0,-0.4843,-0.3963,0.78,0,0,0.0477,0,1],"rest":[0.9992,0.0351,-0.0176,0,-0.0338,0.9968,0.0724,0,0.0201,-0.0718,0.9972,0,0,0.0477,0,1],"parentBoneIndex":9,"length":0.0272
,"animation":{"dataType":3,"framePerSecond":25,"keys":[
{"frame":0,"values":[0.7816,0.2046,0.5893,0,-0.3931,0.895,0.2107,0,-0.4843,-0.3963,0.78,0,0,0.0477,0,1]},
{"frame":24,"values":[0.7816,0.2046,0.5893,0,-0.3931,0.895,0.2107,0,-0.4843,-0.3963,0.78,0,0,0.0477,0,1]}],"loopBehavior":1,"name":"anim","property":"_matrix"}},
{"name":"palm.02.L","index":11,"matrix":[0.9923,0.083,0.0918,0,-0.1212,0.8031,0.5833,0,-0.0253,-0.59,0.807,0,0.0004,0.041,-0.0099,1],"rest":[0.9923,0.083,0.0918,0,-0.1014,0.9705,0.2188,0,-0.071,-0.2264,0.9714,0,0.0004,0.041,-0.0099,1],"parentBoneIndex":8,"length":0.0606
,"animation":{"dataType":3,"framePerSecond":25,"keys":[
{"frame":0,"values":[0.9923,0.083,0.0918,0,-0.1212,0.8031,0.5833,0,-0.0253,-0.59,0.807,0,0.0004,0.041,-0.0099,1]},
{"frame":24,"values":[0.9923,0.083,0.0918,0,-0.1212,0.8031,0.5833,0,-0.0253,-0.59,0.807,0,0.0004,0.041,-0.0099,1]}],"loopBehavior":1,"name":"anim","property":"_matrix"}},
{"name":"f_middle.01.L","index":12,"matrix":[0.9834,-0.1606,0.0842,0,-0.0617,0.1404,0.9882,0,-0.1705,-0.977,0.1282,0,0,0.0606,0,1],"rest":[0.9963,-0.0838,0.0172,0,0.071,0.9223,0.3798,0,-0.0477,-0.3772,0.9249,0,0,0.0606,0,1],"parentBoneIndex":11,"length":0.0365
,"animation":{"dataType":3,"framePerSecond":25,"keys":[
{"frame":0,"values":[0.9834,-0.1606,0.0842,0,-0.0617,0.1404,0.9882,0,-0.1705,-0.977,0.1282,0,0,0.0606,0,1]},
{"frame":24,"values":[0.9834,-0.1606,0.0842,0,-0.0617,0.1404,0.9882,0,-0.1705,-0.977,0.1282,0,0,0.0606,0,1]}],"loopBehavior":1,"name":"anim","property":"_matrix"}},
{"name":"f_middle.02.L","index":13,"matrix":[0.9952,0.0975,0.0043,0,-0.0202,0.1621,0.9866,0,0.0955,-0.9819,0.1633,0,0,0.0365,0,1],"rest":[0.9952,0.0975,0.0043,0,-0.0928,0.9325,0.3489,0,0.03,-0.3476,0.9372,0,0,0.0365,0,1],"parentBoneIndex":12,"length":0.0292
,"animation":{"dataType":3,"framePerSecond":25,"keys":[
{"frame":0,"values":[0.9952,0.0975,0.0043,0,-0.0202,0.1621,0.9866,0,0.0955,-0.9819,0.1633,0,0,0.0365,0,1]},
{"frame":24,"values":[0.9952,0.0975,0.0043,0,-0.0202,0.1621,0.9866,0,0.0955,-0.9819,0.1633,0,0,0.0365,0,1]}],"loopBehavior":1,"name":"anim","property":"_matrix"}},
{"name":"shoulder.R","index":14,"matrix":[0.5071,0.03,-0.8614,0,-0.8619,0.017,-0.5068,0,-0.0005,0.9994,0.0345,0,-0.0173,0.2473,0.0515,1],"rest":[0.5071,0.03,-0.8614,0,-0.8619,0.017,-0.5068,0,-0.0005,0.9994,0.0345,0,-0.0173,0.2473,0.0515,1],"parentBoneIndex":2,"length":0.1658
,"animation":{"dataType":3,"framePerSecond":25,"keys":[
{"frame":0,"values":[0.5071,0.03,-0.8614,0,-0.8619,0.017,-0.5068,0,-0.0005,0.9994,0.0345,0,-0.0173,0.2473,0.0515,1]},
{"frame":24,"values":[0.5071,0.03,-0.8614,0,-0.8619,0.017,-0.5068,0,-0.0005,0.9994,0.0345,0,-0.0173,0.2473,0.0515,1]}],"loopBehavior":1,"name":"anim","property":"_matrix"}},
{"name":"upper_arm.R","index":15,"matrix":[-0.4472,0.8706,0.205,0,0.2154,0.3273,-0.92,0,-0.8681,-0.3673,-0.3339,0,-0.0115,0.1874,-0.0168,1],"rest":[-0.3869,0.9067,0.1677,0,-0.1247,0.1288,-0.9838,0,-0.9136,-0.4016,0.0632,0,-0.0115,0.1874,-0.0168,1],"parentBoneIndex":14,"length":0.3353
,"animation":{"dataType":3,"framePerSecond":25,"keys":[
{"frame":0,"values":[-0.4472,0.8706,0.205,0,0.2154,0.3273,-0.92,0,-0.8681,-0.3673,-0.3339,0,-0.0115,0.1874,-0.0168,1]},
{"frame":1,"values":[-0.445,0.8719,0.2043,0,0.2056,0.3215,-0.9243,0,-0.8716,-0.3693,-0.3223,0,-0.0115,0.1874,-0.0168,1]},
{"frame":2,"values":[-0.4385,0.8757,0.202,0,0.1756,0.3039,-0.9364,0,-0.8814,-0.3751,-0.287,0,-0.0115,0.1874,-0.0168,1]},
{"frame":3,"values":[-0.4278,0.882,0.1975,0,0.1248,0.274,-0.9536,0,-0.8952,-0.3833,-0.2273,0,-0.0115,0.1874,-0.0168,1]},
{"frame":4,"values":[-0.4136,0.8904,0.1901,0,0.0543,0.2326,-0.9711,0,-0.9088,-0.3913,-0.1445,0,-0.0115,0.1874,-0.0168,1]},
{"frame":5,"values":[-0.3973,0.9,0.1794,0,-0.0323,0.1816,-0.9828,0,-0.9171,-0.3963,-0.0431,0,-0.0115,0.1874,-0.0168,1]},
{"frame":6,"values":[-0.3806,0.9098,0.1654,0,-0.1279,0.1254,-0.9838,0,-0.9159,-0.3956,0.0686,0,-0.0115,0.1874,-0.0168,1]},
{"frame":7,"values":[-0.3654,0.9188,0.1494,0,-0.2229,0.0694,-0.9724,0,-0.9038,-0.3886,0.1795,0,-0.0115,0.1874,-0.0168,1]},
{"frame":8,"values":[-0.3529,0.9261,0.1331,0,-0.3082,0.0193,-0.9511,0,-0.8835,-0.3767,0.2786,0,-0.0115,0.1874,-0.0168,1]},
{"frame":9,"values":[-0.3437,0.9316,0.1186,0,-0.3769,-0.0212,-0.926,0,-0.8601,-0.363,0.3584,0,-0.0115,0.1874,-0.0168,1]},
{"frame":10,"values":[-0.3377,0.9351,0.1074,0,-0.426,-0.0501,-0.9033,0,-0.8393,-0.3508,0.4153,0,-0.0115,0.1874,-0.0168,1]},
{"frame":11,"values":[-0.3343,0.9371,0.1005,0,-0.4549,-0.0671,-0.888,0,-0.8254,-0.3426,0.4488,0,-0.0115,0.1874,-0.0168,1]},
{"frame":12,"values":[-0.3333,0.9377,0.0982,0,-0.4644,-0.0726,-0.8827,0,-0.8205,-0.3398,0.4596,0,-0.0115,0.1874,-0.0168,1]},
{"frame":13,"values":[-0.3343,0.9371,0.1005,0,-0.4549,-0.0671,-0.888,0,-0.8254,-0.3426,0.4488,0,-0.0115,0.1874,-0.0168,1]},
{"frame":14,"values":[-0.3377,0.9351,0.1074,0,-0.426,-0.0501,-0.9033,0,-0.8393,-0.3508,0.4153,0,-0.0115,0.1874,-0.0168,1]},
{"frame":15,"values":[-0.3437,0.9316,0.1186,0,-0.3769,-0.0212,-0.926,0,-0.8601,-0.363,0.3584,0,-0.0115,0.1874,-0.0168,1]},
{"frame":16,"values":[-0.3529,0.9261,0.1331,0,-0.3082,0.0193,-0.9511,0,-0.8835,-0.3767,0.2786,0,-0.0115,0.1874,-0.0168,1]},
{"frame":17,"values":[-0.3654,0.9188,0.1494,0,-0.2229,0.0694,-0.9724,0,-0.9038,-0.3886,0.1795,0,-0.0115,0.1874,-0.0168,1]},
{"frame":18,"values":[-0.3806,0.9098,0.1654,0,-0.1279,0.1254,-0.9838,0,-0.9159,-0.3956,0.0686,0,-0.0115,0.1874,-0.0168,1]},
{"frame":19,"values":[-0.3973,0.9,0.1794,0,-0.0323,0.1816,-0.9828,0,-0.9171,-0.3963,-0.0431,0,-0.0115,0.1874,-0.0168,1]},
{"frame":20,"values":[-0.4136,0.8904,0.1901,0,0.0543,0.2326,-0.9711,0,-0.9088,-0.3913,-0.1445,0,-0.0115,0.1874,-0.0168,1]},
{"frame":21,"values":[-0.4278,0.882,0.1975,0,0.1248,0.274,-0.9536,0,-0.8952,-0.3833,-0.2273,0,-0.0115,0.1874,-0.0168,1]},
{"frame":22,"values":[-0.4385,0.8757,0.202,0,0.1756,0.3039,-0.9364,0,-0.8814,-0.3751,-0.287,0,-0.0115,0.1874,-0.0168,1]},
{"frame":23,"values":[-0.445,0.8719,0.2043,0,0.2056,0.3215,-0.9243,0,-0.8716,-0.3693,-0.3223,0,-0.0115,0.1874,-0.0168,1]},
{"frame":24,"values":[-0.4472,0.8706,0.205,0,0.2154,0.3273,-0.92,0,-0.8681,-0.3673,-0.3339,0,-0.0115,0.1874,-0.0168,1]}],"loopBehavior":1,"name":"anim","property":"_matrix"}},
{"name":"forearm.R","index":16,"matrix":[0.9132,-0.2105,0.3489,0,-0.1088,0.6992,0.7066,0,-0.3927,-0.6832,0.6156,0,0,0.3353,0,1],"rest":[0.8737,-0.0616,0.4826,0,-0.139,0.919,0.3689,0,-0.4662,-0.3894,0.7944,0,0,0.3353,0,1],"parentBoneIndex":15,"length":0.3012
,"animation":{"dataType":3,"framePerSecond":25,"keys":[
{"frame":0,"values":[0.9132,-0.2105,0.3489,0,-0.1088,0.6992,0.7066,0,-0.3927,-0.6832,0.6156,0,0,0.3353,0,1]},
{"frame":1,"values":[0.9134,-0.2109,0.3483,0,-0.1088,0.698,0.7078,0,-0.3923,-0.6844,0.6146,0,0,0.3353,0,1]},
{"frame":2,"values":[0.9138,-0.2121,0.3463,0,-0.1086,0.6941,0.7116,0,-0.3913,-0.6879,0.6113,0,0,0.3353,0,1]},
{"frame":3,"values":[0.9146,-0.2141,0.343,0,-0.1082,0.6877,0.7179,0,-0.3896,-0.6937,0.6058,0,0,0.3353,0,1]},
{"frame":4,"values":[0.9156,-0.2168,0.3385,0,-0.1077,0.679,0.7262,0,-0.3873,-0.7014,0.5983,0,0,0.3353,0,1]},
{"frame":5,"values":[0.9169,-0.2199,0.3331,0,-0.1071,0.6684,0.7361,0,-0.3845,-0.7106,0.5892,0,0,0.3353,0,1]},
{"frame":6,"values":[0.9182,-0.2232,0.3272,0,-0.1064,0.6567,0.7466,0,-0.3815,-0.7204,0.5792,0,0,0.3353,0,1]},
{"frame":7,"values":[0.9195,-0.2265,0.3212,0,-0.1056,0.6448,0.757,0,-0.3785,-0.73,0.569,0,0,0.3353,0,1]},
{"frame":8,"values":[0.9208,-0.2293,0.3156,0,-0.1049,0.6338,0.7664,0,-0.3758,-0.7387,0.5595,0,0,0.3353,0,1]},
{"frame":9,"values":[0.9218,-0.2317,0.311,0,-0.1042,0.6245,0.7741,0,-0.3735,-0.7459,0.5515,0,0,0.3353,0,1]},
{"frame":10,"values":[0.9225,-0.2334,0.3075,0,-0.1037,0.6175,0.7797,0,-0.3718,-0.7511,0.5455,0,0,0.3353,0,1]},
{"frame":11,"values":[0.9229,-0.2344,0.3054,0,-0.1033,0.6133,0.7831,0,-0.3708,-0.7543,0.5418,0,0,0.3353,0,1]},
{"frame":12,"values":[0.9231,-0.2347,0.3047,0,-0.1032,0.6119,0.7842,0,-0.3705,-0.7553,0.5406,0,0,0.3353,0,1]},
{"frame":13,"values":[0.9229,-0.2344,0.3054,0,-0.1033,0.6133,0.7831,0,-0.3708,-0.7543,0.5418,0,0,0.3353,0,1]},
{"frame":14,"values":[0.9225,-0.2334,0.3075,0,-0.1037,0.6175,0.7797,0,-0.3718,-0.7511,0.5455,0,0,0.3353,0,1]},
{"frame":15,"values":[0.9218,-0.2317,0.311,0,-0.1042,0.6245,0.7741,0,-0.3735,-0.7459,0.5515,0,0,0.3353,0,1]},
{"frame":16,"values":[0.9208,-0.2293,0.3156,0,-0.1049,0.6338,0.7664,0,-0.3758,-0.7387,0.5595,0,0,0.3353,0,1]},
{"frame":17,"values":[0.9195,-0.2265,0.3212,0,-0.1056,0.6448,0.757,0,-0.3785,-0.73,0.569,0,0,0.3353,0,1]},
{"frame":18,"values":[0.9182,-0.2232,0.3272,0,-0.1064,0.6567,0.7466,0,-0.3815,-0.7204,0.5792,0,0,0.3353,0,1]},
{"frame":19,"values":[0.9169,-0.2199,0.3331,0,-0.1071,0.6684,0.7361,0,-0.3845,-0.7106,0.5892,0,0,0.3353,0,1]},
{"frame":20,"values":[0.9156,-0.2168,0.3385,0,-0.1077,0.679,0.7262,0,-0.3873,-0.7014,0.5983,0,0,0.3353,0,1]},
{"frame":21,"values":[0.9146,-0.2141,0.343,0,-0.1082,0.6877,0.7179,0,-0.3896,-0.6937,0.6058,0,0,0.3353,0,1]},
{"frame":22,"values":[0.9138,-0.2121,0.3463,0,-0.1086,0.6941,0.7116,0,-0.3913,-0.6879,0.6113,0,0,0.3353,0,1]},
{"frame":23,"values":[0.9134,-0.2109,0.3483,0,-0.1088,0.698,0.7078,0,-0.3923,-0.6844,0.6146,0,0,0.3353,0,1]},
{"frame":24,"values":[0.9132,-0.2105,0.3489,0,-0.1088,0.6992,0.7066,0,-0.3927,-0.6832,0.6156,0,0,0.3353,0,1]}],"loopBehavior":1,"name":"anim","property":"_matrix"}},
{"name":"hand.R","index":17,"matrix":[0.4647,0.1301,0.8759,0,0.036,0.9855,-0.1655,0,-0.8847,0.1084,0.4533,0,0,0.3012,0,1],"rest":[0.4784,-0.0108,0.8781,0,0.0854,0.9958,-0.0343,0,-0.874,0.0914,0.4773,0,0,0.3012,0,1],"parentBoneIndex":16,"length":0.06
,"animation":{"dataType":3,"framePerSecond":25,"keys":[
{"frame":0,"values":[0.4647,0.1301,0.8759,0,0.036,0.9855,-0.1655,0,-0.8847,0.1084,0.4533,0,0,0.3012,0,1]},
{"frame":24,"values":[0.4647,0.1301,0.8759,0,0.036,0.9855,-0.1655,0,-0.8847,0.1084,0.4533,0,0,0.3012,0,1]}],"loopBehavior":1,"name":"anim","property":"_matrix"}},
{"name":"thumb.01.R","index":18,"matrix":[-0.8814,-0.2489,0.4014,0,0.3296,0.2847,0.9002,0,-0.3383,0.9257,-0.1689,0,0.026,0.0312,0.0032,1],"rest":[-0.5395,-0.3924,0.745,0,0.5463,0.5101,0.6643,0,-0.6407,0.7654,-0.0608,0,0.026,0.0312,0.0032,1],"parentBoneIndex":17,"length":0.0477
,"animation":{"dataType":3,"framePerSecond":25,"keys":[
{"frame":0,"values":[-0.8814,-0.2489,0.4014,0,0.3296,0.2847,0.9002,0,-0.3383,0.9257,-0.1689,0,0.026,0.0312,0.0032,1]},
{"frame":24,"values":[-0.8814,-0.2489,0.4014,0,0.3296,0.2847,0.9002,0,-0.3383,0.9257,-0.1689,0,0.026,0.0312,0.0032,1]}],"loopBehavior":1,"name":"anim","property":"_matrix"}},
{"name":"thumb.02.R","index":19,"matrix":[0.9923,0.0823,0.0921,0,-0.0986,0.977,0.1891,0,-0.0744,-0.1967,0.9776,0,0,0.0477,0,1],"rest":[0.9992,-0.0351,0.0176,0,0.0338,0.9968,0.0724,0,-0.0201,-0.0718,0.9972,0,0,0.0477,0,1],"parentBoneIndex":18,"length":0.0272
,"animation":{"dataType":3,"framePerSecond":25,"keys":[
{"frame":0,"values":[0.9923,0.0823,0.0921,0,-0.0986,0.977,0.1891,0,-0.0744,-0.1967,0.9776,0,0,0.0477,0,1]},
{"frame":24,"values":[0.9923,0.0823,0.0921,0,-0.0986,0.977,0.1891,0,-0.0744,-0.1967,0.9776,0,0,0.0477,0,1]}],"loopBehavior":1,"name":"anim","property":"_matrix"}},
{"name":"palm.02.R","index":20,"matrix":[0.9923,-0.083,-0.0918,0,0.1103,0.9297,0.3513,0,0.0562,-0.3587,0.9317,0,0.0016,0.0439,-0.0224,1],"rest":[0.9923,-0.083,-0.0918,0,0.1014,0.9705,0.2188,0,0.071,-0.2264,0.9714,0,-0.0004,0.041,-0.0099,1],"parentBoneIndex":17,"length":0.0606
,"animation":{"dataType":3,"framePerSecond":25,"keys":[
{"frame":0,"values":[0.9923,-0.083,-0.0918,0,0.1103,0.9297,0.3513,0,0.0562,-0.3587,0.9317,0,0.0016,0.0439,-0.0224,1]},
{"frame":24,"values":[0.9923,-0.083,-0.0918,0,0.1103,0.9297,0.3513,0,0.0562,-0.3587,0.9317,0,0.0016,0.0439,-0.0224,1]}],"loopBehavior":1,"name":"anim","property":"_matrix"}},
{"name":"f_middle.01.R","index":21,"matrix":[0.993,0.1157,-0.025,0,-0.0818,0.8237,0.5611,0,0.0856,-0.5551,0.8274,0,0,0.0606,0,1],"rest":[0.9963,0.0838,-0.0172,0,-0.071,0.9223,0.3798,0,0.0477,-0.3772,0.9249,0,0,0.0606,0,1],"parentBoneIndex":20,"length":0.0365
,"animation":{"dataType":3,"framePerSecond":25,"keys":[
{"frame":0,"values":[0.993,0.1157,-0.025,0,-0.0818,0.8237,0.5611,0,0.0856,-0.5551,0.8274,0,0,0.0606,0,1]},
{"frame":24,"values":[0.993,0.1157,-0.025,0,-0.0818,0.8237,0.5611,0,0.0856,-0.5551,0.8274,0,0,0.0606,0,1]}],"loopBehavior":1,"name":"anim","property":"_matrix"}},
{"name":"f_middle.02.R","index":22,"matrix":[0.9952,-0.0975,-0.0043,0,0.0848,0.8418,0.5331,0,-0.0483,-0.5309,0.846,0,0,0.0365,0,1],"rest":[0.9952,-0.0975,-0.0043,0,0.0928,0.9325,0.3489,0,-0.03,-0.3476,0.9372,0,0,0.0365,0,1],"parentBoneIndex":21,"length":0.0292
,"animation":{"dataType":3,"framePerSecond":25,"keys":[
{"frame":0,"values":[0.9952,-0.0975,-0.0043,0,0.0848,0.8418,0.5331,0,-0.0483,-0.5309,0.846,0,0,0.0365,0,1]},
{"frame":24,"values":[0.9952,-0.0975,-0.0043,0,0.0848,0.8418,0.5331,0,-0.0483,-0.5309,0.846,0,0,0.0365,0,1]}],"loopBehavior":1,"name":"anim","property":"_matrix"}},
{"name":"foot_IK_main.L","index":23,"matrix":[0,0,1,0,0,-1,0,0,-1,0,0,0,0.0464,0.56,0.7615,1],"rest":[0,0,1,0,0,-1,0,0,-1,0,0,0,0.0464,0.1144,0.0652,1],"parentBoneIndex":-1,"length":0.2052
,"animation":{"dataType":3,"framePerSecond":25,"keys":[
{"frame":0,"values":[0,0,1,0,0,-1,0,0,-1,0,0,0,0.0464,0.56,0.7615,1]},
{"frame":1,"values":[0,0,1,0,0,-1,0,0,-1,0,0,0,0.0464,0.5262,0.6893,1]},
{"frame":2,"values":[0,0,1,0,0,-1,0,0,-1,0,0,0,0.0464,0.4594,0.5285,1]},
{"frame":3,"values":[0,0,1,0,0,-1,0,0,-1,0,0,0,0.0552,0.3895,0.3506,1]},
{"frame":4,"values":[0,0,1,0,0,-1,0,0,-1,0,0,0,0.068,0.3343,0.1564,1]},
{"frame":5,"values":[0,0,1,0,0,-1,0,0,-1,0,0,0,0.0735,0.3152,-0.0283,1]},
{"frame":6,"values":[0,0,1,0,0,-1,0,0,-1,0,0,0,0.0747,0.3098,-0.1877,1]},
{"frame":7,"values":[0,0,1,0,0,-1,0,0,-1,0,0,0,0.0747,0.3065,-0.3268,1]},
{"frame":8,"values":[0,0,1,0,0,-1,0,0,-1,0,0,0,0.0747,0.3024,-0.3864,1]},
{"frame":9,"values":[0,0,1,0,0,-1,0,0,-1,0,0,0,0.0747,0.2944,-0.3857,1]},
{"frame":10,"values":[0,0,1,0,0,-1,0,0,-1,0,0,0,0.0747,0.2681,-0.3815,1]},
{"frame":11,"values":[0,0,1,0,0,-1,0,0,-1,0,0,0,0.0747,0.2042,-0.3383,1]},
{"frame":12,"values":[0,0,1,0,0,-1,0,0,-1,0,0,0,0.0747,0.1406,-0.2588,1]},
{"frame":13,"values":[0,0,1,0,0,-1,0,0,-1,0,0,0,0.0747,0.1127,-0.1955,1]},
{"frame":14,"values":[0,0,1,0,0,-1,0,0,-1,0,0,0,0.0747,0.1082,-0.1079,1]},
{"frame":15,"values":[0,0,1,0,0,-1,0,0,-1,0,0,0,0.0747,0.1082,0.0342,1]},
{"frame":16,"values":[0,0,1,0,0,-1,0,0,-1,0,0,0,0.0747,0.1082,0.1799,1]},
{"frame":17,"values":[0,0,1,0,0,-1,0,0,-1,0,0,0,0.0747,0.1085,0.2651,1]},
{"frame":18,"values":[0,0,1,0,0,-1,0,0,-1,0,0,0,0.0747,0.1109,0.3548,1]},
{"frame":19,"values":[0,0,1,0,0,-1,0,0,-1,0,0,0,0.0747,0.2031,0.5353,1]},
{"frame":20,"values":[0,0,1,0,0,-1,0,0,-1,0,0,0,0.0747,0.3428,0.6731,1]},
{"frame":21,"values":[0,0,1,0,0,-1,0,0,-1,0,0,0,0.0747,0.4047,0.7012,1]},
{"frame":22,"values":[0,0,1,0,0,-1,0,0,-1,0,0,0,0.0747,0.4489,0.7126,1]},
{"frame":23,"values":[0,0,1,0,0,-1,0,0,-1,0,0,0,0.0606,0.5203,0.7435,1]},
{"frame":24,"values":[0,0,1,0,0,-1,0,0,-1,0,0,0,0.0464,0.56,0.7615,1]}],"loopBehavior":1,"name":"anim","property":"_matrix"}},
{"name":"roll_main.L","index":24,"matrix":[0.016,0.0251,-0.9996,0,0.2161,-0.9761,-0.021,0,-0.9762,-0.2157,-0.021,0,0,0,0,1],"rest":[-0.021,0.021,-0.9996,0,0.9998,-0.0018,-0.021,0,-0.0022,-0.9998,-0.021,0,0,0,0,1],"parentBoneIndex":23,"length":0.0943
,"animation":{"dataType":3,"framePerSecond":25,"keys":[
{"frame":0,"values":[0.016,0.0251,-0.9996,0,0.2161,-0.9761,-0.021,0,-0.9762,-0.2157,-0.021,0,0,0,0,1]},
{"frame":3,"values":[0.017,0.0273,-0.9995,0,0.278,-0.9603,-0.0215,0,-0.9604,-0.2775,-0.0239,0,0.0056,-0.0622,0,1]},
{"frame":4,"values":[0.0169,0.0348,-0.9993,0,0.5283,-0.8488,-0.0206,0,-0.8489,-0.5276,-0.0327,0,0.016,-0.1765,0.0001,1]},
{"frame":5,"values":[-0.0007,0.042,-0.9991,0,0.948,-0.3178,-0.014,0,-0.3181,-0.9472,-0.0396,0,0.0269,-0.292,0.0001,1]},
{"frame":6,"values":[-0.0143,0.0377,-0.9992,0,0.9942,0.1068,-0.0102,0,0.1063,-0.9936,-0.039,0,0.0329,-0.3555,0.0001,1]},
{"frame":11,"values":[-0.0176,0.0363,-0.9992,0,0.9809,0.1943,-0.0102,0,0.1938,-0.9803,-0.039,0,0.0329,-0.3555,0.0001,1]},
{"frame":12,"values":[-0.0207,0.0346,-0.9992,0,0.9599,0.2803,-0.0102,0,0.2797,-0.9593,-0.039,0,0.0329,-0.3555,0.0001,1]},
{"frame":13,"values":[-0.0175,0.0363,-0.9992,0,0.9814,0.1916,-0.0102,0,0.1911,-0.9808,-0.039,0,0.0329,-0.3555,0.0001,1]},
{"frame":14,"values":[-0.0111,0.0387,-0.9992,0,0.9997,0.0223,-0.0102,0,0.0219,-0.999,-0.039,0,0.0329,-0.3555,0.0001,1]},
{"frame":15,"values":[-0.0053,0.0399,-0.9992,0,0.9923,-0.1235,-0.0102,0,-0.1238,-0.9915,-0.039,0,0.0329,-0.3555,0.0001,1]},
{"frame":16,"values":[0.0002,0.0403,-0.9992,0,0.9664,-0.2568,-0.0102,0,-0.257,-0.9656,-0.039,0,0.0329,-0.3555,0.0001,1]},
{"frame":17,"values":[0.0026,0.0403,-0.9992,0,0.9498,-0.3127,-0.0102,0,-0.3129,-0.949,-0.0391,0,0.0329,-0.3555,0.0001,1]},
{"frame":18,"values":[0.0078,0.0395,-0.9992,0,0.9001,-0.4355,-0.0102,0,-0.4356,-0.8993,-0.039,0,0.0329,-0.3555,0.0001,1]},
{"frame":19,"values":[0.0246,0.0318,-0.9992,0,0.6102,-0.7922,-0.0102,0,-0.7919,-0.6095,-0.0389,0,-0.2559,-0.3307,0.0001,1]},
{"frame":20,"values":[0.0358,0.0185,-0.9992,0,0.2184,-0.9758,-0.0102,0,-0.9752,-0.2179,-0.039,0,-0.5448,-0.3058,0.0001,1]},
{"frame":21,"values":[0.0379,0.0135,-0.9992,0,0.0857,-0.9963,-0.0102,0,-0.9956,-0.0852,-0.039,0,-0.5448,-0.3058,0.0001,1]},
{"frame":22,"values":[0.0382,0.0127,-0.9992,0,0.0648,-0.9978,-0.0102,0,-0.9972,-0.0643,-0.039,0,-0.5448,-0.3058,0.0001,1]},
{"frame":23,"values":[0.0273,0.0193,-0.9994,0,0.1409,-0.9899,-0.0153,0,-0.9897,-0.1404,-0.0298,0,-0.2724,-0.1529,0,1]},
{"frame":24,"values":[0.016,0.0251,-0.9996,0,0.2161,-0.9761,-0.021,0,-0.9762,-0.2157,-0.021,0,0,0,0,1]}],"loopBehavior":1,"name":"anim","property":"_matrix"}},
{"name":"roll_back.L","index":25,"matrix":[0.0527,0,-0.9986,0,-0.9986,0,-0.0527,0,0,1,0,0,0.0304,0.0981,0.0015,1],"rest":[0.0527,0,-0.9987,0,-0.9986,0,-0.0527,0,0,1,0,0,0.0304,0.0981,0.0015,1],"parentBoneIndex":23,"length":0.0901
,"animation":{"dataType":3,"framePerSecond":25,"keys":[
{"frame":0,"values":[0.0527,0,-0.9986,0,-0.9986,0,-0.0527,0,0,1,0,0,0.0304,0.0981,0.0015,1]},
{"frame":6,"values":[0.0527,0,-0.9986,0,-0.9927,-0.1087,-0.0524,0,-0.1086,0.9941,-0.0057,0,0.0304,0.0981,0.0015,1]},
{"frame":11,"values":[0.0527,0,-0.9986,0,-0.9792,-0.1962,-0.0517,0,-0.196,0.9806,-0.0103,0,0.0304,0.0981,0.0015,1]},
{"frame":12,"values":[0.0527,0,-0.9986,0,-0.958,-0.2822,-0.0506,0,-0.2818,0.9594,-0.0149,0,0.0304,0.0981,0.0015,1]},
{"frame":13,"values":[0.0527,0,-0.9986,0,-0.9797,-0.1935,-0.0517,0,-0.1933,0.9811,-0.0102,0,0.0304,0.0981,0.0015,1]},
{"frame":14,"values":[0.0527,0,-0.9986,0,-0.9983,-0.0243,-0.0527,0,-0.0243,0.9997,-0.0013,0,0.0304,0.0981,0.0015,1]},
{"frame":15,"values":[0.0527,0,-0.9986,0,-0.9986,0,-0.0527,0,0,1,0,0,0.0304,0.0981,0.0015,1]},
{"frame":24,"values":[0.0527,0,-0.9986,0,-0.9986,0,-0.0527,0,0,1,0,0,0.0304,0.0981,0.0015,1]}],"loopBehavior":1,"name":"anim","property":"_matrix"}},
{"name":"roll_front.L","index":26,"matrix":[1,0,0,0,0,-0.2182,-0.9759,0,0,0.9759,-0.2182,0,0,0.1803,0,1],"rest":[1,0,0,0,0,-1,0,0,0,0,-1,0,0,0.1803,0,1],"parentBoneIndex":25,"length":0.0901
,"animation":{"dataType":3,"framePerSecond":25,"keys":[
{"frame":0,"values":[1,0,0,0,0,-0.2182,-0.9759,0,0,0.9759,-0.2182,0,0,0.1803,0,1]},
{"frame":3,"values":[1,0,0,0,0,-0.28,-0.96,0,0,0.96,-0.28,0,0,0.1803,0,1]},
{"frame":4,"values":[1,0,0,0,0,-0.5301,-0.848,0,0,0.848,-0.5301,0,0,0.1803,0,1]},
{"frame":5,"values":[1,0,0,0,0,-0.9488,-0.316,0,0,0.316,-0.9488,0,0,0.1803,0,1]},
{"frame":6,"values":[1,0,0,0,0,-1,0,0,0,0,-1,0,0,0.1803,0,1]},
{"frame":15,"values":[1,0,0,0,0,-0.9926,-0.1215,0,0,0.1215,-0.9926,0,0,0.1803,0,1]},
{"frame":16,"values":[1,0,0,0,0,-0.967,-0.2548,0,0,0.2548,-0.967,0,0,0.1803,0,1]},
{"frame":17,"values":[1,0,0,0,0,-0.9505,-0.3108,0,0,0.3108,-0.9505,0,0,0.1803,0,1]},
{"frame":18,"values":[1,0,0,0,0,-0.901,-0.4337,0,0,0.4337,-0.901,0,0,0.1803,0,1]},
{"frame":19,"values":[1,0,0,0,0,-0.6119,-0.7909,0,0,0.7909,-0.6119,0,0,0.1803,0,1]},
{"frame":20,"values":[1,0,0,0,0,-0.2208,-0.9753,0,0,0.9753,-0.2208,0,0,0.1803,0,1]},
{"frame":21,"values":[1,0,0,0,0,-0.0882,-0.9961,0,0,0.9961,-0.0882,0,0,0.1803,0,1]},
{"frame":22,"values":[1,0,0,0,0,-0.0673,-0.9977,0,0,0.9977,-0.0673,0,0,0.1803,0,1]},
{"frame":23,"values":[1,0,0,0,0,-0.1431,-0.9897,0,0,0.9897,-0.1431,0,0,0.1803,0,1]},
{"frame":24,"values":[1,0,0,0,0,-0.2182,-0.9759,0,0,0.9759,-0.2182,0,0,0.1803,0,1]}],"loopBehavior":1,"name":"anim","property":"_matrix"}},
{"name":"foot_IK.L","index":27,"matrix":[0.9995,-0.0116,0.0279,0,0.0051,-0.846,-0.5331,0,0.0297,0.533,-0.8456,0,-0.0001,0.1498,0.0981,1],"rest":[0.9995,-0.0116,0.0279,0,0.0051,-0.846,-0.5331,0,0.0297,0.533,-0.8456,0,-0.0001,0.1498,0.0981,1],"parentBoneIndex":26,"length":0.1836
,"animation":{"dataType":3,"framePerSecond":25,"keys":[
{"frame":0,"values":[0.9995,-0.0116,0.0279,0,0.0051,-0.846,-0.5331,0,0.0297,0.533,-0.8456,0,-0.0001,0.1498,0.0981,1]},
{"frame":5,"values":[0.9995,-0.0116,0.0279,0,0.0051,-0.8461,-0.5331,0,0.0297,0.533,-0.8456,0,-0.0001,0.1498,0.0981,1]},
{"frame":11,"values":[0.9995,-0.0116,0.0279,0,0.0051,-0.846,-0.5331,0,0.0297,0.533,-0.8456,0,-0.0001,0.1498,0.0981,1]},
{"frame":17,"values":[0.9995,-0.0116,0.0279,0,0.0051,-0.8461,-0.5331,0,0.0297,0.533,-0.8456,0,-0.0001,0.1498,0.0981,1]},
{"frame":19,"values":[0.9995,-0.0116,0.0279,0,0.0051,-0.846,-0.5331,0,0.0297,0.533,-0.8456,0,-0.0001,0.1498,0.0981,1]},
{"frame":24,"values":[0.9995,-0.0116,0.0279,0,0.0051,-0.846,-0.5331,0,0.0297,0.533,-0.8456,0,-0.0001,0.1498,0.0981,1]}],"loopBehavior":1,"name":"anim","property":"_matrix"}},
{"name":"pole_target.L","index":28,"matrix":[0,0,-1,0,0,-1,0,0,-1,0,0,0,-1.1481,-0.4031,-0.0393,1],"rest":[0,0,-1,0,0,-1,0,0,-1,0,0,0,-1.1481,-0.4031,-0.0247,1],"parentBoneIndex":23,"length":0.1178
,"animation":{"dataType":3,"framePerSecond":25,"keys":[
{"frame":0,"values":[0,0,-1,0,0,-1,0,0,-1,0,0,0,-1.1481,-0.4031,-0.0393,1]},
{"frame":3,"values":[0,0,-1,0,0,-1,0,0,-1,0,0,0,-1.1483,-0.4027,-0.0306,1]},
{"frame":4,"values":[0,0,-1,0,0,-1,0,0,-1,0,0,0,-1.1486,-0.402,-0.0148,1]},
{"frame":5,"values":[0,0,-1,0,0,-1,0,0,-1,0,0,0,-1.1488,-0.4012,0.0011,1]},
{"frame":6,"values":[0,0,-1,0,0,-1,0,0,-1,0,0,0,-1.149,-0.4008,0.0098,1]},
{"frame":23,"values":[0,0,-1,0,0,-1,0,0,-1,0,0,0,-1.1486,-0.402,-0.0148,1]},
{"frame":24,"values":[0,0,-1,0,0,-1,0,0,-1,0,0,0,-1.1481,-0.4031,-0.0393,1]}],"loopBehavior":1,"name":"anim","property":"_matrix"}},
{"name":"thigh.L","index":29,"matrix":[0.9995,-0.0317,0.0063,0,-0.0279,-0.9448,-0.3263,0,0.0164,0.326,-0.9452,0,0.0962,0.0393,0.0085,1],"rest":[0.9963,-0.0465,-0.0729,0,-0.0487,-0.9984,-0.0287,0,-0.0715,0.0322,-0.9969,0,0.0962,0.0393,0.0085,1],"parentBoneIndex":0,"length":0.4776
,"animation":{"dataType":3,"framePerSecond":25,"keys":[
{"frame":0,"values":[0.9995,-0.0317,0.0063,0,-0.0279,-0.9448,-0.3263,0,0.0164,0.326,-0.9452,0,0.0962,0.0393,0.0085,1]},
{"frame":1,"values":[0.9999,-0.0127,-0.0063,0,-0.0137,-0.984,-0.1777,0,-0.0039,0.1778,-0.9841,0,0.0962,0.0393,0.0085,1]},
{"frame":2,"values":[0.9991,0.0098,-0.0411,0,0.0167,-0.9848,0.1727,0,-0.0387,-0.1732,-0.9841,0,0.0962,0.0393,0.0085,1]},
{"frame":3,"values":[0.9969,0.0212,-0.0758,0,0.0565,-0.8621,0.5037,0,-0.0546,-0.5064,-0.8606,0,0.0962,0.0393,0.0085,1]},
{"frame":4,"values":[0.9959,0.0193,-0.0886,0,0.0758,-0.7128,0.6973,0,-0.0496,-0.7011,-0.7113,0,0.0962,0.0393,0.0085,1]},
{"frame":5,"values":[0.9967,0.0082,-0.0812,0,0.0642,-0.6929,0.7182,0,-0.0504,-0.721,-0.6911,0,0.0962,0.0393,0.0085,1]},
{"frame":6,"values":[0.9971,-0.0075,-0.0755,0,0.0518,-0.6602,0.7493,0,-0.0554,-0.7511,-0.6579,0,0.0962,0.0393,0.0085,1]},
{"frame":7,"values":[0.9971,-0.0248,-0.0721,0,0.0418,-0.6122,0.7896,0,-0.0637,-0.7903,-0.6094,0,0.0962,0.0393,0.0085,1]},
{"frame":8,"values":[0.9972,-0.0323,-0.0675,0,0.0324,-0.6263,0.7789,0,-0.0674,-0.7789,-0.6235,0,0.0962,0.0393,0.0085,1]},
{"frame":9,"values":[0.9972,-0.0323,-0.0672,0,0.0314,-0.6345,0.7723,0,-0.0675,-0.7723,-0.6317,0,0.0962,0.0393,0.0085,1]},
{"frame":10,"values":[0.9973,-0.0324,-0.0655,0,0.0268,-0.6713,0.7407,0,-0.0679,-0.7405,-0.6686,0,0.0962,0.0393,0.0085,1]},
{"frame":11,"values":[0.9976,-0.0305,-0.0624,0,0.0147,-0.7852,0.619,0,-0.0679,-0.6184,-0.7829,0,0.0962,0.0393,0.0085,1]},
